   -0.25996262
    0.07418761
   -0.04709489
   -0.03871208
    0.00347157
   -0.04322378
   -0.05232674
   -0.07112850
    0.01919182
    0.18391735
   -0.06758328
   -0.02849820
   -0.06446494
   -0.06154877
   -0.10321402
   -0.47263497
   -0.12031685
    0.04135187
   -0.02525642
   -0.05031709
   -0.05509011
   -0.04932508
    0.03995259
   -0.03949296
   -0.04489848
   -0.11142959
   -0.59664936
    0.14593648
    0.29251545
    0.04280248
    0.03636134
    0.03170225
    0.02447050
    0.06597700
    0.05917046
    0.06234986
    0.17787224
    0.20594354
    0.02529046
    0.05016900
    0.06331547
    0.04014556
    0.03008960
    0.02102189
    0.05827382
    0.03021349
    0.03537591
    0.02977397
    0.15555623
    0.27365381
    0.01912265
    0.04058303
    0.02366231
    0.02441715
    0.05230963
    0.05141425
    0.04043433
    0.04653039
    0.28255767
   -0.60045602
    0.31378458
    0.30391871
   -0.18273593
    0.26349933
   -0.43641440
   -0.14279310
    0.27744675
   -0.45488670
    0.05539553
    0.06022953
    0.07853144
   -0.17571217
   -0.04271337
    0.05275170
    0.04996553
    0.08227233
