           1           2   1.05251308352067     
           2           3   1.37525279072964     
           3           4   1.46492402408307     
           4           5   1.39688641480280     
           3           6  0.105549017032190     
           5           6   1.41500399532871     
           2           7   1.39189388769261     
           4           7  0.106450607318611     
           6           7   1.44402084478575     
           5           8   1.00975386086588     
           8           9  0.985250757738183     
           1          10  0.995303430357677     
          10          11  0.992489821972296     
          11          12  0.979592145740478     
          12          13  0.985408967394983     
          13          14   1.00806202790297     
          14          15   1.01869906083542     
          10          16  0.944254687484915     
          17          18   1.17352353763880     
          18          19   1.24342711159172     
          12          20   1.00514817877644     
          19          20   1.20255489907135     
          18          21   1.34326888380170     
          19          22   1.33126395727975     
          21          22  0.111425876545468     
          17          23   1.17194592343717     
          20          23   1.55117323262733     
          21          24   1.48749139501393     
          22          25   1.50082864558272     
          24          25   1.37415926964694     
          23          26   1.02913014386128     
           1          28  0.946159264853949     
          16          29  0.897276760303159     
           3          30  0.965535463542353     
           4          31  0.967885362521958     
           6          32  0.968398761300997     
           7          33  0.968255386783669     
           8          34  0.969226324327693     
           8          35  0.960021025334230     
           9          36  0.951040781000700     
          10          39  0.955891962998283     
          11          40  0.968492862474230     
          12          41  0.953963781442217     
          13          42  0.976845244305294     
          13          43  0.974929051819930     
          14          44  0.975335457150364     
          14          45  0.972640347882539     
          15          46  0.987392172665406     
          15          47  0.987899993939307     
          15          48  0.987651612502106     
          17          49  0.945478969653943     
          21          51  0.968709329918684     
          22          52  0.963048044571237     
          24          53  0.972302452895812     
          25          54  0.971932322111905     
          26          55  0.975400313524359     
          26          56  0.966638561460005     
          26          57  0.979812832875303     
          11          58  0.967928383047342     
          27          59  0.918204431447590     
          50          60  0.922108529385655     
          27          61  0.859434908638345     
          60          62  0.871072324564670     
           9          63  0.974462078375485     
          37          63  0.936742012365634     
           9          64  0.914771043669427     
          64          65   1.67757158532620     
          63          67   1.26629485822079     
          66          67  0.984418148837258     
          63          68  0.191185054926292     
          67          68   1.65021118674603     
          66          69  0.972487215719209     
          66          70  0.966808598127333     
          66          71  0.981132484043207     
          38          72  0.906952111016161     
          64          72   1.29270445513159     
          65          72  0.211941239866361     
          72          73   1.00575765675158     
          73          74  0.977041504875079     
          73          75  0.976403694661371     
          73          76  0.976769421634202     
