   -0.26570195
    0.07539053
   -0.05880260
   -0.03811290
   -0.00406089
   -0.04304152
   -0.06170190
   -0.06981744
    0.01976974
    0.20886837
   -0.06457020
   -0.00318546
   -0.06132742
   -0.04552107
   -0.11076102
   -0.43146158
   -0.59998955
    0.20148908
    0.19582961
    0.03300601
    0.03207367
    0.02661242
    0.03071699
    0.06155215
    0.05868834
    0.06218791
    0.18134556
    0.20392836
    0.01562193
    0.03673666
    0.06187531
    0.05330989
    0.04716183
    0.03017382
    0.03216172
    0.03516048
    0.03404039
    0.06241118
    0.29166888
    0.29931355
   -0.60801842
    0.27615335
    0.31983400
   -0.18088581
    0.26348061
   -0.43354703
   -0.14137206
    0.27704323
   -0.46198263
    0.05226857
    0.06317023
    0.07459049
   -0.17634912
   -0.04277329
    0.05289523
    0.04951161
    0.08294219
