           1           2   1.14986628352283     
           2           3   1.34056101647159     
           3           4   1.47208868020130     
           4           5   1.39461232484958     
           3           6  0.100975039312030     
           5           6   1.40550680340475     
           2           7   1.35208707356075     
           4           7  0.102538574257002     
           6           7   1.45746180350678     
           5           8   1.00946118559057     
           8           9  0.981543716823012     
           1          10  0.117446355270849     
          10          11   1.09193877291908     
          11          12   1.81182826508839     
          12          13   1.04508122650294     
          13          14  0.975677237686905     
          14          15   1.01818683186208     
          10          16   1.69426181473684     
           1          18  0.928188232575403     
           1          19  0.931304753379223     
           3          20  0.967765022081163     
           4          21  0.968855807550846     
           6          22  0.968356732224513     
           7          23  0.968710149630405     
           8          24  0.970080066535969     
           8          25  0.964495967541592     
           9          26  0.951976945862101     
          10          29  0.939460336666698     
          11          30  0.964276039192636     
          12          31  0.961755307415104     
          13          32  0.956513490470622     
          13          33  0.972143208913138     
          14          34  0.979608401025268     
          14          35  0.979126918389920     
          15          36  0.985753514533342     
          15          37  0.987946779527798     
          15          38  0.980693311051938     
          17          39  0.904504010286602     
          17          40  0.891937704511385     
          41          42  0.918930025839121     
          41          43  0.853823881189447     
           9          44  0.972983980027193     
          27          44  0.934305328697648     
           9          45  0.914006571777793     
          45          46   1.68108737770923     
          44          48   1.27767246317273     
          47          48  0.984437949261094     
          44          49  0.191745569714251     
          48          49   1.63595122012001     
          47          50  0.974450113848578     
          47          51  0.964749606874361     
          47          52  0.981393980415422     
          28          53  0.909061371125274     
          45          53   1.28927387172043     
          46          53  0.211891565322218     
          53          54   1.00541620004530     
          54          55  0.977183671152482     
          54          56  0.976396439777035     
          54          57  0.976632804537197     
