   -0.27781798
    0.07655368
   -0.05868071
   -0.03809378
   -0.00464764
   -0.04388204
   -0.06311626
   -0.06986535
    0.02020179
    0.20859830
   -0.06388049
   -0.00065864
   -0.06088161
   -0.04624924
   -0.11034509
   -0.42565732
   -0.60780284
    0.21729376
    0.16959806
    0.03972205
    0.03149012
    0.02291100
    0.02434891
    0.06157013
    0.05839060
    0.06028555
    0.18323306
    0.20558549
    0.01093802
    0.03649373
    0.06397525
    0.05572232
    0.04617463
    0.03234077
    0.03297687
    0.03561831
    0.03315974
    0.06181126
    0.31876555
    0.27471961
   -0.59465000
    0.29751347
    0.31147862
   -0.18167216
    0.26368078
   -0.43415084
   -0.14118422
    0.27676664
   -0.46187445
    0.05107209
    0.06346739
    0.07404664
   -0.17728324
   -0.04252481
    0.05279907
    0.04918645
    0.08242899
