           1           2   1.15537562434961     
           2           3   1.33863102563180     
           3           4   1.47157556218644     
           4           5   1.39540044372119     
           3           6  0.101058475555010     
           5           6   1.40288428848347     
           2           7   1.35068722685326     
           4           7  0.101516590192100     
           6           7   1.45806984132956     
           5           8   1.01016978282783     
           8           9  0.980042474547900     
           1          10  0.108287895539563     
          10          11   1.09803433435517     
          11          12   1.80424887308070     
          12          13   1.04694438146864     
          13          14  0.977381893063919     
          14          15   1.01832958631369     
          10          16   1.70275582835240     
           1          18  0.887529341193953     
           1          19  0.950524688173875     
           3          20  0.967221512444107     
           4          21  0.968924331196451     
           6          22  0.967279402326026     
           7          23  0.968795057157346     
           8          24  0.969271253194454     
           8          25  0.966571058648208     
           9          26  0.952665290089991     
          10          29  0.939853241179168     
          11          30  0.965310805113703     
          12          31  0.961083919134672     
          13          32  0.951983784619366     
          13          33  0.971872149037050     
          14          34  0.979691493876290     
          14          35  0.979003951535631     
          15          36  0.985849380352246     
          15          37  0.987989193700425     
          15          38  0.981065425600397     
          17          39  0.850444060195994     
          17          40  0.922080091290413     
          41          42  0.899301182065492     
          41          43  0.875939159044353     
           9          44  0.973136671122279     
          27          44  0.930855266697756     
           9          45  0.913360670683070     
          45          46   1.68045212372458     
          44          48   1.28003819995617     
          47          48  0.983919523647454     
          44          49  0.192056458488747     
          48          49   1.63337775498248     
          47          50  0.975772586982644     
          47          51  0.964700089566424     
          47          52  0.981471442228205     
          28          53  0.905714080953801     
          45          53   1.29077695032128     
          46          53  0.211978697941920     
          53          54   1.00552634713826     
          54          55  0.977276739736594     
          54          56  0.976354206601718     
          54          57  0.976750784313880     
