   -0.23633740
    0.07830998
   -0.05022467
   -0.03859621
    0.00251125
   -0.04351331
   -0.05070244
   -0.06948792
    0.02040091
    0.08139867
   -0.04960698
   -0.01454496
   -0.06111829
   -0.04993694
   -0.10449748
   -0.60667853
   -0.60933645
    0.31485630
    0.30913749
    0.05398365
    0.03391769
    0.02456208
    0.03213477
    0.06104267
    0.06007746
    0.06118475
    0.18086675
    0.20669174
    0.06341324
    0.04409097
    0.05211226
    0.05740855
    0.04390493
    0.03137289
    0.03562820
    0.03694289
    0.03764204
    0.03738015
    0.32116623
    0.27574119
   -0.60243987
    0.27275404
    0.27848921
   -0.18333179
    0.26360631
   -0.43587383
   -0.14288155
    0.27713612
   -0.45487130
    0.05754519
    0.05841007
    0.07303576
   -0.17657520
   -0.04239888
    0.05259486
    0.04937971
    0.08212301
