           1           2   1.10972807612170     
           2           3   1.34284303239902     
           3           4   1.46620714520227     
           4           5   1.39841872683890     
           3           6  0.101779528523041     
           5           6   1.40384920884888     
           2           7   1.35775144259927     
           4           7  0.104043555294659     
           6           7   1.45686048880213     
           5           8   1.01063433426573     
           8           9  0.980642215171641     
           1          10   1.74053034557267     
          10          11   1.13159456466626     
           1          12  0.110990527571834     
          11          12   1.79632266345051     
          12          13   1.04321366122495     
          13          14  0.985107078502128     
          14          15   1.01890575058349     
          16          19  0.863954436113204     
           3          20  0.965136487024692     
           4          21  0.967815975766831     
           6          22  0.967265092949588     
           7          23  0.970115713206101     
           8          24  0.969658458556162     
           8          25  0.964783232888614     
           9          26  0.952229349753008     
          10          29  0.950068350047389     
          11          30  0.958948551824877     
          12          31  0.962470903630470     
          13          32  0.949663585744671     
          13          33  0.974226203588199     
          14          34  0.979601778381745     
          14          35  0.978430837860110     
          15          36  0.986268758691898     
          15          37  0.987531609633280     
          15          38  0.987611487276868     
          17          39  0.839643749445513     
          17          40  0.921615367720295     
          18          41  0.831373957332864     
          16          42  0.923757062381054     
          41          43  0.919213844646273     
           9          44  0.974083812831910     
          27          44  0.933677580600030     
           9          45  0.913728052718740     
          45          46   1.67827482825618     
          44          48   1.27082854831938     
          47          48  0.982624484768736     
          44          49  0.192314800117112     
          48          49   1.64854359824672     
          47          50  0.971121836789882     
          47          51  0.970043497709287     
          47          52  0.983290383847827     
          28          53  0.905208185817910     
          45          53   1.29265829019260     
          46          53  0.212144698972592     
          53          54   1.00569087207727     
          54          55  0.977017028191728     
          54          56  0.976563447921993     
          54          57  0.976751398451686     
