   -0.23192434
    0.08184195
   -0.04600924
   -0.03880171
    0.00427783
   -0.04072399
   -0.04532071
   -0.06808590
    0.02043889
    0.08237220
   -0.04914577
   -0.01747037
   -0.06236468
   -0.04850014
   -0.10509678
   -0.61061006
   -0.61130257
    0.31524024
    0.31495356
    0.02982804
    0.03261528
    0.03051569
    0.05320669
    0.05914736
    0.05769802
    0.06342204
    0.18179067
    0.20172714
    0.03912477
    0.05599147
    0.03881889
    0.04703260
    0.05495257
    0.03689131
    0.03019600
    0.03582142
    0.03612037
    0.04362295
    0.32274553
    0.27774935
   -0.60019832
    0.26816030
    0.27823918
   -0.18800165
    0.26422660
   -0.43454900
   -0.15282590
    0.27764499
   -0.46795154
    0.05414415
    0.06844227
    0.09440922
   -0.17523436
   -0.04232189
    0.05139859
    0.04923612
    0.08239467
