           1           2   1.08973928766693     
           2           3   1.35247860758367     
           3           4   1.46438901200819     
           4           5   1.39738244059439     
           3           6  0.101700879219418     
           5           6   1.40512569379327     
           2           7   1.36423478078661     
           4           7  0.105331571937267     
           6           7   1.45350836332077     
           5           8   1.01079498688099     
           8           9  0.976586010082641     
           1          10   1.75126354412347     
          10          11   1.13150352020826     
           1          12  0.116375106721947     
          11          12   1.79797921180705     
          12          13   1.04151440020523     
          13          14  0.977981646565394     
          14          15   1.01838738855348     
          16          19  0.852465770898342     
           3          20  0.969244983366779     
           4          21  0.967393662863513     
           6          22  0.966741933070046     
           7          23  0.965876469085709     
           8          24  0.971326415235767     
           8          25  0.966509174638396     
           9          26  0.949697785343663     
          10          29  0.955390617050874     
          11          30  0.955433606736904     
          12          31  0.964584442244066     
          13          32  0.959256097700228     
          13          33  0.972944502258431     
          14          34  0.977400378987604     
          14          35  0.979233289933587     
          15          36  0.985957008326084     
          15          37  0.987689565023894     
          15          38  0.986418736508243     
          17          39  0.834279942685512     
          17          40  0.920014447136401     
          18          41  0.829216116019362     
          16          42  0.925467867876868     
          41          43  0.919060358556197     
           9          44  0.976499757885486     
          27          44  0.933434899471149     
           9          45  0.917103576283187     
          45          46   1.68102277773745     
          44          48   1.26234838844599     
          47          48  0.991582826961033     
          44          49  0.187606943285599     
          48          49   1.64236440436651     
          47          50  0.970102036117882     
          47          51  0.981968221560777     
          47          52  0.952275323460902     
          28          53  0.913539183185418     
          45          53   1.28543180213879     
          46          53  0.210901262770585     
          53          54   1.00627420261939     
          54          55  0.977005383372915     
          54          56  0.976682646997530     
          54          57  0.976714657945545     
