   -0.26746753
    0.07569491
   -0.05933666
   -0.03820845
   -0.00461542
   -0.04307080
   -0.06222092
   -0.06958167
    0.01981154
    0.20938620
   -0.06510007
   -0.00198137
   -0.06156138
   -0.04556248
   -0.11055054
   -0.42649148
   -0.60048560
    0.19694963
    0.19584710
    0.03150400
    0.03159899
    0.02572543
    0.03024717
    0.06094702
    0.05852704
    0.06220798
    0.18157795
    0.20353729
    0.01489164
    0.03823326
    0.06263434
    0.05395832
    0.04858419
    0.03098379
    0.03219690
    0.03550491
    0.03372768
    0.06228486
    0.29534729
    0.29575918
   -0.60752585
    0.32039267
    0.27717127
   -0.18086073
    0.26353051
   -0.43319152
   -0.14122590
    0.27696345
   -0.46270858
    0.05048078
    0.06489755
    0.07458366
   -0.17645912
   -0.04274663
    0.05289510
    0.04939272
    0.08297638
