           1           2   1.15383157758097     
           2           3   1.33952641784058     
           3           4   1.47179539561321     
           4           5   1.39496325233590     
           3           6  0.100710531467644     
           5           6   1.40449969880730     
           2           7   1.35003933742805     
           4           7  0.102360803590982     
           6           7   1.45853048713972     
           5           8   1.00944703562579     
           8           9  0.980985159300992     
           1          10  0.104105361427208     
          10          11   1.09519316180165     
          11          12   1.80770643485054     
          12          13   1.04616001473960     
          13          14  0.976205303143806     
          14          15   1.01825233767966     
          10          16   1.70444018952709     
           1          18  0.932724429619389     
           1          19  0.930677569514171     
           3          20  0.967812142981663     
           4          21  0.968909225093506     
           6          22  0.968248483593793     
           7          23  0.968733063693846     
           8          24  0.970147406376910     
           8          25  0.965058842549349     
           9          26  0.951905128965543     
          10          29  0.939241579585297     
          11          30  0.964442628992763     
          12          31  0.961619939751990     
          13          32  0.954473304334940     
          13          33  0.971930397410263     
          14          34  0.979662392726764     
          14          35  0.979178146898276     
          15          36  0.985748942069425     
          15          37  0.987969755965758     
          15          38  0.981234817903305     
          17          39  0.897305005847611     
          17          40  0.898153438333937     
          41          42  0.853424092374538     
          41          43  0.919011415244175     
           9          44  0.973004388255874     
          27          44  0.933728471316001     
           9          45  0.914134575741010     
          45          46   1.68160749954226     
          44          48   1.27812423259458     
          47          48  0.984734062017676     
          44          49  0.191882303033565     
          48          49   1.63513925364573     
          47          50  0.976714171468220     
          47          51  0.963313398974385     
          47          52  0.980351220116983     
          28          53  0.909475465981562     
          45          53   1.28856750306002     
          46          53  0.211833837215644     
          53          54   1.00542730878914     
          54          55  0.977271302048024     
          54          56  0.976338871961326     
          54          57  0.976637814693501     
