   -0.26682604
    0.07561774
   -0.05907820
   -0.03820310
   -0.00444494
   -0.04307951
   -0.06213365
   -0.06962874
    0.01990939
    0.20907632
   -0.06469524
   -0.00234663
   -0.06139616
   -0.04554949
   -0.11064540
   -0.42931260
   -0.59997109
    0.20044481
    0.19506876
    0.03233057
    0.03170552
    0.02571344
    0.03025390
    0.06105620
    0.05865089
    0.06180196
    0.18180028
    0.20397933
    0.01555147
    0.03747359
    0.06210903
    0.05340926
    0.04805976
    0.03099748
    0.03206577
    0.03535478
    0.03369135
    0.06255081
    0.29269854
    0.29819405
   -0.60724759
    0.32004790
    0.27665824
   -0.18102789
    0.26353322
   -0.43342650
   -0.14136627
    0.27699647
   -0.46229045
    0.05188779
    0.06365063
    0.07440253
   -0.17653721
   -0.04274688
    0.05282738
    0.04950249
    0.08288196
