           1           2   1.15293620109715     
           2           3   1.33960418027829     
           3           4   1.47206499798648     
           4           5   1.39475173288026     
           3           6  0.100838608281488     
           5           6   1.40473700282022     
           2           7   1.35071071463935     
           4           7  0.102307300746122     
           6           7   1.45807329543423     
           5           8   1.00955529005402     
           8           9  0.980993654513148     
           1          10  0.110200363976754     
          10          11   1.09407254046764     
          11          12   1.80927142336363     
          12          13   1.04574505248106     
          13          14  0.975852370533126     
          14          15   1.01821790215322     
          10          16   1.69909761787547     
           1          18  0.928814342288348     
           1          19  0.931898177283997     
           3          20  0.967821442732374     
           4          21  0.968925713352268     
           6          22  0.968190084882568     
           7          23  0.968713309393806     
           8          24  0.970070329927249     
           8          25  0.965112060818777     
           9          26  0.952021295189490     
          10          29  0.939285571489782     
          11          30  0.964448888629475     
          12          31  0.961729681783357     
          13          32  0.955429671462023     
          13          33  0.972044104017194     
          14          34  0.979676455556256     
          14          35  0.979164982455712     
          15          36  0.985743422303442     
          15          37  0.987973563888037     
          15          38  0.980973888275657     
          17          39  0.902765021295084     
          17          40  0.894053468489898     
          41          42  0.854573693653070     
          41          43  0.918655332460198     
           9          44  0.973044774421029     
          27          44  0.933629402267486     
           9          45  0.913983196447421     
          45          46   1.68124770910868     
          44          48   1.27824860712396     
          47          48  0.984482243285923     
          44          49  0.191814460335974     
          48          49   1.63526156336925     
          47          50  0.975061726642125     
          47          51  0.964432635681325     
          47          52  0.981339972519034     
          28          53  0.908753208130709     
          45          53   1.28916086073282     
          46          53  0.211935959982330     
          53          54   1.00544544931243     
          54          55  0.977097290107351     
          54          56  0.976481845565209     
          54          57  0.976648748094667     
