   -0.43419268
    0.14974579
   -0.07262519
   -0.03703775
   -0.02373118
   -0.04228775
   -0.08346684
   -0.05234845
    0.08605703
    0.38567977
   -0.09270056
    0.04857641
   -0.04672953
   -0.02330082
   -0.08171502
   -0.53128709
   -0.69191344
    0.23787231
    0.21749454
    0.04917879
    0.02747319
    0.01794690
    0.02598359
    0.04533754
    0.04920179
    0.05108354
    0.23042901
    0.24434010
    0.00703863
    0.03395337
    0.05193960
    0.03885548
    0.03976582
    0.03479735
    0.02060180
    0.03077032
    0.02271403
    0.03820298
    0.35314554
    0.33570217
   -0.68658714
    0.33732297
    0.33510376
   -0.34426298
    0.46149582
   -0.55619843
   -0.13264388
    0.47656835
   -0.56864600
    0.05002306
    0.05016298
    0.06308607
   -0.34089007
    0.06672900
    0.03258512
    0.03164090
    0.06395937
