           1           2   1.12085587967356     
           2           3   1.34708532385326     
           3           4   1.47067467341215     
           4           5   1.39595510300585     
           3           6  0.102140725475706     
           5           6   1.40842101700410     
           2           7   1.35638765072179     
           4           7  0.100531422827621     
           6           7   1.45675649562986     
           5           8   1.00845441771686     
           8           9  0.980931789820952     
          10          11   1.10614949452432     
          11          12   1.78887550640437     
          12          13   1.04472186640368     
          13          14  0.965846636458167     
          14          15   1.01729992160432     
          10          16   1.68005989641304     
           1          18  0.906717428294911     
           1          19  0.929712986698001     
           3          20  0.967306123907454     
           4          21  0.972837865945696     
           6          22  0.970852406086789     
           7          23  0.973385643441606     
           8          24  0.973340708406841     
           8          25  0.971092357111499     
           9          26  0.959872949290860     
          10          29  0.948460901172488     
          11          30  0.971409497113595     
          12          31  0.967607121985437     
          13          32  0.965924089986572     
          13          33  0.967896020354294     
          14          34  0.979410142104987     
          14          35  0.981532923977566     
          15          36  0.984728862909568     
          15          37  0.988072012682509     
          15          38  0.983982421180940     
          17          39  0.840092733062825     
          17          40  0.889759477929687     
          41          42  0.868269588315057     
          41          43  0.872902393641134     
           9          44  0.929853741025856     
          27          44  0.912552500951557     
           9          45  0.924159446605538     
          45          46   1.63139320604267     
          44          48   1.26490937109604     
          47          48  0.982597553484278     
          44          49  0.162542232156483     
          48          49   1.58742623374745     
          47          50  0.971929840785266     
          47          51  0.974410379084649     
          47          52  0.983663635510881     
          28          53  0.895059834714690     
          45          53   1.27511098481284     
          46          53  0.177152573460378     
          53          54  0.955442957440658     
          54          55  0.986410179942624     
          54          56  0.985441422802701     
          54          57  0.982017167460270     
