   -0.25801930
    0.07609485
   -0.04800195
   -0.03524529
    0.00695915
   -0.03952923
   -0.05056246
   -0.06638066
    0.01779969
    0.08628752
   -0.05037781
   -0.01824607
   -0.06125433
   -0.05769986
   -0.10149070
   -0.59605810
   -0.20364404
    0.06789971
   -0.02162724
   -0.03381320
   -0.06497821
   -0.04062811
    0.08412593
   -0.03501299
   -0.05051119
   -0.11477648
   -0.57888288
    0.30894799
    0.31059986
    0.04181925
    0.03272024
    0.02848131
    0.05957329
    0.05084932
    0.05954142
    0.07778964
    0.17063352
    0.17496162
    0.03784915
    0.06246583
    0.02863010
    0.03281997
    0.04234586
    0.05346236
    0.02475105
    0.03090690
    0.03031689
    0.03505892
    0.17660862
    0.03578327
    0.02743194
    0.02233136
    0.02307422
    0.02070758
    0.05352734
    0.04931095
    0.04737713
    0.29375479
    0.28326684
   -0.60218742
    0.27891663
    0.27082092
   -0.19919382
    0.26326561
   -0.42601123
   -0.15441046
    0.28111354
   -0.45012738
    0.04136265
    0.07479642
    0.10402645
   -0.16879389
   -0.04511689
    0.05260458
    0.05063774
    0.08817129
