           1           2   1.08759740809130     
           2           3   1.35487713736544     
           3           4   1.46092120741919     
           4           5   1.40103786754499     
           3           6  0.101994854769191     
           5           6   1.40248178403481     
           2           7   1.36342815927461     
           4           7  0.105528115430097     
           6           7   1.45699798254382     
           5           8   1.01329850832659     
           8           9  0.965193515011800     
           1          10   1.78738965309248     
          10          11   1.05169552603178     
          11          12  0.958866067984273     
          12          13   1.00262527247235     
          13          14   1.00587714242440     
          14          15   1.01893067880535     
          17          18   1.15013807883579     
          18          19   1.29359779711858     
          12          20  0.965012623539142     
          19          20   1.00342790016296     
          18          21   1.37060688342641     
          19          22   1.46742925560542     
          11          23  0.890101079546480     
          17          23   1.00616111466764     
          20          23  0.964416381152082     
          19          24  0.101761876195961     
          21          24   1.43148763884474     
          22          25   1.39785490739924     
          24          25   1.45024567072017     
          23          26   1.00296786218689     
          16          28  0.853095856955812     
           3          30  0.962360625043829     
           4          31  0.967835013567804     
           6          32  0.968090960737655     
           7          33  0.962653338024506     
           8          34  0.972068017731279     
           8          35  0.967393750816071     
           9          36  0.942946620327453     
          10          39  0.954045503278086     
          11          40  0.956200381607389     
          12          41  0.967967909709833     
          13          42  0.972274400974935     
          13          43  0.974238875874164     
          14          44  0.973129005889720     
          14          45  0.978555619711830     
          15          46  0.987291260262257     
          15          47  0.987791365324504     
          15          48  0.985895467643675     
          17          49  0.924613882710255     
          20          50  0.962656602506911     
          21          51  0.969494330706415     
          22          52  0.970182435988928     
          24          53  0.971904543114255     
          25          54  0.972306862394367     
          26          55  0.982027180662379     
          26          56  0.979653005757170     
          26          57  0.977467796402220     
          27          58  0.897310940188377     
          27          59  0.915538331412115     
          29          60  0.863237108408019     
          16          61  0.917822269516128     
          60          62  0.924840395938982     
           9          63  0.983424129939985     
          37          63  0.939424205412617     
           9          64  0.929149128411266     
          64          65   1.69243433816793     
          63          67   1.21920946373865     
          66          67  0.993366504052121     
          63          68  0.182565491827482     
          67          68   1.68459836428976     
          66          69  0.982439764426080     
          66          70  0.969683448813928     
          66          71  0.943995785292269     
          38          72  0.940850852284244     
          64          72   1.26213534204676     
          65          72  0.205398882948376     
          72          73   1.00495387208363     
          73          74  0.976794090859188     
          73          75  0.977082333945320     
          73          76  0.975282284661405     
