   -0.26177683
    0.07423576
   -0.04617651
   -0.03832291
    0.00411814
   -0.04348376
   -0.05181930
   -0.07080497
    0.01934294
    0.18394247
   -0.06762476
   -0.02856771
   -0.06433026
   -0.06181284
   -0.10314428
   -0.47272226
   -0.12048125
    0.04146793
   -0.02522100
   -0.05019304
   -0.05508183
   -0.04928649
    0.03996256
   -0.03947287
   -0.04490772
   -0.11167853
   -0.59686470
    0.14570584
    0.29241115
    0.04296382
    0.03649707
    0.03103931
    0.02533912
    0.06507232
    0.05932139
    0.06261853
    0.17816075
    0.20581738
    0.02520917
    0.04949052
    0.06308502
    0.04010133
    0.02995293
    0.02134534
    0.05833621
    0.02985457
    0.03528868
    0.03029582
    0.15559423
    0.27375820
    0.01913516
    0.04024531
    0.02366768
    0.02442562
    0.05288644
    0.05079173
    0.04066029
    0.04710975
    0.28259405
   -0.60039219
    0.31367142
    0.30389817
   -0.18342922
    0.26353147
   -0.43614756
   -0.14297583
    0.27744368
   -0.45484353
    0.05497215
    0.06027749
    0.07924001
   -0.17566650
   -0.04273475
    0.05276657
    0.05001503
    0.08230286
