           1           2   1.04884841137646     
           2           3   1.37628309289001     
           3           4   1.46519385382347     
           2           5  0.100366214294050     
           4           5   1.39675848844583     
           3           6  0.105649917438631     
           5           6   1.41562751335578     
           2           7   1.39418302610881     
           4           7  0.106703370903865     
           6           7   1.44281902079589     
           5           8   1.00988795593598     
           8           9  0.983789651503444     
           1          10  0.995190145019205     
          10          11  0.992643594258774     
          11          12  0.979860922985827     
          12          13  0.985183036088829     
          13          14   1.00805491020108     
          14          15   1.01869095655495     
          10          16  0.944168297464723     
          17          18   1.17365564578295     
          18          19   1.24342464124344     
          12          20   1.00516797946815     
          19          20   1.20229070889349     
          18          21   1.34332397128579     
          19          22   1.33148614328495     
          21          22  0.111379277726208     
          17          23   1.17151737825274     
          20          23   1.55163683381499     
          21          24   1.48738341488630     
          22          25   1.50062349681953     
          24          25   1.37428707453431     
          23          26   1.02913928958165     
           1          28  0.945845805513960     
          16          29  0.897359043610580     
           3          30  0.965587884898281     
           4          31  0.968041514533912     
           6          32  0.968395867016680     
           7          33  0.968386259964681     
           8          34  0.969754344290097     
           8          35  0.961207332244243     
           9          36  0.951067883255117     
          10          39  0.955840852011176     
          11          40  0.968840386620952     
          12          41  0.953975394718167     
          13          42  0.976903671171733     
          13          43  0.974724781883779     
          14          44  0.975476360621386     
          14          45  0.972493074535267     
          15          46  0.987336741884126     
          15          47  0.987872233565393     
          15          48  0.987526585228923     
          17          49  0.945599801131250     
          21          51  0.968714903138633     
          22          52  0.963029322979969     
          24          53  0.972303192938058     
          25          54  0.971931790888160     
          26          55  0.975880473213893     
          26          56  0.966804670299391     
          26          57  0.979047181627249     
          11          58  0.967752066535464     
          27          59  0.918224328342970     
          50          60  0.921941712989750     
          27          61  0.859323600150438     
          60          62  0.871262726504203     
           9          63  0.974520648705088     
          37          63  0.936447235390138     
           9          64  0.914797930718314     
          64          65   1.67785151870351     
          63          67   1.26600194288467     
          66          67  0.984414791490171     
          63          68  0.191178171774903     
          67          68   1.65048347357461     
          66          69  0.972786468712953     
          66          70  0.966649534735347     
          66          71  0.980710903215283     
          38          72  0.907192386640529     
          64          72   1.29242505065171     
          65          72  0.212044758314902     
          72          73   1.00573097487564     
          73          74  0.977033330206227     
          73          75  0.976403389853423     
          73          76  0.976775212835612     
