   -0.26621055
    0.07544390
   -0.05893203
   -0.03816054
   -0.00423125
   -0.04307234
   -0.06180909
   -0.06982634
    0.01988238
    0.20896572
   -0.06448950
   -0.00284443
   -0.06112913
   -0.04551904
   -0.11094673
   -0.43019304
   -0.60020049
    0.20164614
    0.19473379
    0.03305483
    0.03195160
    0.02630660
    0.03042144
    0.06152635
    0.05876871
    0.06171910
    0.18157126
    0.20439486
    0.01568992
    0.03668097
    0.06213858
    0.05338492
    0.04676605
    0.03045265
    0.03218759
    0.03522614
    0.03390052
    0.06293121
    0.29184759
    0.29865184
   -0.60766580
    0.27644745
    0.31996331
   -0.18092303
    0.26346541
   -0.43372076
   -0.14137434
    0.27703998
   -0.46184563
    0.05259199
    0.06290309
    0.07449762
   -0.17653759
   -0.04274063
    0.05285349
    0.04951097
    0.08285430
