   -0.26759132
    0.07567785
   -0.05935600
   -0.03822392
   -0.00462378
   -0.04305324
   -0.06222558
   -0.06955077
    0.01981210
    0.20942027
   -0.06510649
   -0.00192078
   -0.06155302
   -0.04554385
   -0.11054415
   -0.42623810
   -0.60052264
    0.19679175
    0.19575870
    0.03146960
    0.03158051
    0.02572885
    0.03023019
    0.06088902
    0.05855340
    0.06222300
    0.18156159
    0.20366614
    0.01484856
    0.03821885
    0.06271365
    0.05397232
    0.04859354
    0.03103098
    0.03220858
    0.03552043
    0.03371230
    0.06228671
    0.29554045
    0.29550310
   -0.60755564
    0.32047876
    0.27721863
   -0.18080132
    0.26352680
   -0.43322282
   -0.14122140
    0.27694750
   -0.46273243
    0.05050667
    0.06489209
    0.07461422
   -0.17657464
   -0.04270681
    0.05289723
    0.04935150
    0.08292281
