   -0.26602218
    0.07542811
   -0.05893049
   -0.03815893
   -0.00423342
   -0.04303876
   -0.06179897
   -0.06976899
    0.01987998
    0.20899270
   -0.06460297
   -0.00275668
   -0.06122372
   -0.04553650
   -0.11092505
   -0.42983519
   -0.60046478
    0.20126138
    0.19464692
    0.03310399
    0.03195801
    0.02634480
    0.03040795
    0.06142553
    0.05875228
    0.06173504
    0.18152033
    0.20434678
    0.01567353
    0.03685934
    0.06228596
    0.05360179
    0.04702938
    0.03045527
    0.03219074
    0.03523159
    0.03388380
    0.06287748
    0.29185116
    0.29854025
   -0.60799266
    0.27635729
    0.31992455
   -0.18086402
    0.26347798
   -0.43364628
   -0.14137352
    0.27704331
   -0.46191042
    0.05232769
    0.06318808
    0.07451698
   -0.17653264
   -0.04274941
    0.05287189
    0.04952679
    0.08284690
