           1           2   1.15058547026276     
           2           3   1.34032418249001     
           3           4   1.47208962416188     
           4           5   1.39460717636732     
           3           6  0.100926863483605     
           5           6   1.40539999022555     
           2           7   1.35182288620476     
           4           7  0.102513577451992     
           6           7   1.45753066479507     
           5           8   1.00949069913049     
           8           9  0.981507051708940     
           1          10  0.113541580322348     
          10          11   1.09299346995087     
          11          12   1.81042152884594     
          12          13   1.04547389861308     
          13          14  0.975561764856750     
          14          15   1.01818020445765     
          10          16   1.69691150885498     
           1          18  0.928637274317065     
           1          19  0.932753273312364     
           3          20  0.967731774386157     
           4          21  0.968864481772027     
           6          22  0.968333554807439     
           7          23  0.968741943205893     
           8          24  0.970063856429786     
           8          25  0.964583332632572     
           9          26  0.952094835640448     
          10          29  0.939484255162452     
          11          30  0.964365543671499     
          12          31  0.961620875883464     
          13          32  0.956075435578850     
          13          33  0.972133223105348     
          14          34  0.979637108619309     
          14          35  0.979116794240133     
          15          36  0.985728216365612     
          15          37  0.987945970429570     
          15          38  0.980403747088824     
          17          39  0.903500077952818     
          17          40  0.892817457197873     
          41          42  0.918856581819198     
          41          43  0.853717351736270     
           9          44  0.972982887722068     
          27          44  0.934133081030300     
           9          45  0.913842864869844     
          45          46   1.68099061347042     
          44          48   1.27798711121699     
          47          48  0.984473832054835     
          44          49  0.191656238966203     
          48          49   1.63540067555039     
          47          50  0.974392290812327     
          47          51  0.964828897451699     
          47          52  0.981490776238046     
          28          53  0.908323686716405     
          45          53   1.28960534482419     
          46          53  0.211957666774099     
          53          54   1.00542920719608     
          54          55  0.977200097041464     
          54          56  0.976379881835354     
          54          57  0.976655073774016     
