   -0.25799213
    0.07623241
   -0.04797806
   -0.03532431
    0.00682300
   -0.03952917
   -0.05053933
   -0.06634004
    0.01781978
    0.08651104
   -0.05048592
   -0.01827473
   -0.06129481
   -0.05777301
   -0.10150741
   -0.59639432
   -0.20366057
    0.06791258
   -0.02164177
   -0.03380652
   -0.06496872
   -0.04064237
    0.08415451
   -0.03501621
   -0.05051929
   -0.11486380
   -0.57902983
    0.30882453
    0.31068634
    0.04171235
    0.03263312
    0.02840932
    0.05966471
    0.05036450
    0.05999629
    0.07799163
    0.17059817
    0.17489561
    0.03796236
    0.06313568
    0.02858496
    0.03274915
    0.04272693
    0.05356688
    0.02424839
    0.03064146
    0.03043177
    0.03510079
    0.17646240
    0.03575059
    0.02758235
    0.02227762
    0.02306609
    0.02067774
    0.05369190
    0.04925399
    0.04743489
    0.28318872
    0.29376492
   -0.60206711
    0.27881761
    0.27101741
   -0.19937769
    0.26325501
   -0.42601111
   -0.15428337
    0.28117690
   -0.45022216
    0.04132258
    0.07482035
    0.10405752
   -0.16879565
   -0.04514777
    0.05257760
    0.05066469
    0.08824801
