           1           2   1.08670885312068     
           2           3   1.35505203768402     
           3           4   1.46110267088001     
           4           5   1.40077223667268     
           3           6  0.102029924341321     
           5           6   1.40271653794014     
           2           7   1.36396870263116     
           4           7  0.105579310690405     
           6           7   1.45653767510794     
           5           8   1.01334980607364     
           8           9  0.965025979669476     
           1          10   1.78800371164869     
          10          11   1.05168429847010     
          11          12  0.959225740554481     
          12          13   1.00261261829445     
          13          14   1.00591699743702     
          14          15   1.01891600406834     
          17          18   1.15014305580062     
          18          19   1.29362824199454     
          12          20  0.965022637342867     
          19          20   1.00343846074631     
          18          21   1.37058076241046     
          19          22   1.46738247905447     
          11          23  0.889926570330855     
          17          23   1.00608703913360     
          20          23  0.964412073741070     
          19          24  0.101749998978625     
          21          24   1.43153961007120     
          22          25   1.39789054411949     
          24          25   1.45020108496996     
          23          26   1.00299260386509     
          16          28  0.853204496469650     
           3          30  0.962378812660698     
           4          31  0.967819098939469     
           6          32  0.968093782359527     
           7          33  0.962718411668078     
           8          34  0.972151296318956     
           8          35  0.967301778769589     
           9          36  0.942630461785362     
          10          39  0.954050916156593     
          11          40  0.955989311086809     
          12          41  0.967965840733865     
          13          42  0.972301393740369     
          13          43  0.974186341257280     
          14          44  0.973017526502082     
          14          45  0.978583651602890     
          15          46  0.987311470380411     
          15          47  0.987777839632447     
          15          48  0.985867674074155     
          17          49  0.924687958224025     
          20          50  0.962626868165541     
          21          51  0.969483954651672     
          22          52  0.970185914655686     
          24          53  0.971904480766688     
          25          54  0.972308171145920     
          26          55  0.981998844994289     
          26          56  0.979654067741132     
          26          57  0.977490855555834     
          27          58  0.915600073423576     
          27          59  0.897021239544999     
          29          60  0.863840134901193     
          16          61  0.917738949569432     
          60          62  0.924638761946729     
           9          63  0.983548661819953     
          37          63  0.939368154903483     
           9          64  0.929346970855675     
          64          65   1.69237275070218     
          63          67   1.21895855387696     
          66          67  0.993450716372870     
          63          68  0.182349852346863     
          67          68   1.68452049376518     
          66          69  0.982602039854962     
          66          70  0.969266082043122     
          66          71  0.944224219849866     
          38          72  0.940823233009356     
          64          72   1.26208126833933     
          65          72  0.205348725969524     
          72          73   1.00494682053958     
          73          74  0.976781441006141     
          73          75  0.977103334644044     
          73          76  0.975242450171534     
