   -0.26369695
    0.07430290
   -0.04542978
   -0.03814418
    0.00458013
   -0.04346012
   -0.05119262
   -0.07052595
    0.01938714
    0.18411419
   -0.06751519
   -0.02843965
   -0.06440757
   -0.06176808
   -0.10308980
   -0.47268661
   -0.12039322
    0.04142929
   -0.02508438
   -0.05014144
   -0.05507946
   -0.04913014
    0.04000566
   -0.03950443
   -0.04493770
   -0.11147924
   -0.59692271
    0.14549802
    0.29236320
    0.04290734
    0.03655484
    0.03053770
    0.02642040
    0.06424174
    0.05988359
    0.06291171
    0.17825458
    0.20597243
    0.02484049
    0.04898380
    0.06282790
    0.03983468
    0.03023281
    0.02110240
    0.05846557
    0.02963993
    0.03523308
    0.03059090
    0.15554128
    0.27365460
    0.01909309
    0.03995324
    0.02361841
    0.02435379
    0.05260254
    0.05111296
    0.04047789
    0.04711591
    0.28254314
   -0.60048870
    0.31390992
    0.30401076
   -0.18335280
    0.26341042
   -0.43617108
   -0.14313604
    0.27744141
   -0.45507782
    0.05443389
    0.06072416
    0.07964852
   -0.17586284
   -0.04270901
    0.05278825
    0.04997974
    0.08229715
