           1           2   1.04498877042322     
           2           3   1.37784606731223     
           3           4   1.46475612653619     
           2           5  0.100870766976483     
           4           5   1.39716330505739     
           3           6  0.105847141628754     
           5           6   1.41602644707314     
           2           7   1.39606510903680     
           4           7  0.106931874480455     
           6           7   1.44224355520893     
           5           8   1.01001517997180     
           8           9  0.983525323183280     
           1          10  0.995071233020438     
          10          11  0.992795975802629     
          11          12  0.980181401471890     
          12          13  0.985120960309771     
          13          14   1.00808998949289     
          14          15   1.01866819114118     
          10          16  0.944085265497980     
          17          18   1.17360014858756     
          18          19   1.24335991594987     
          12          20   1.00510302356505     
          19          20   1.20247468037155     
          18          21   1.34334969814285     
          19          22   1.33148361045385     
          21          22  0.111372193994445     
          17          23   1.17165722208989     
          20          23   1.55144158274307     
          21          24   1.48738957559539     
          22          25   1.50071824542713     
          24          25   1.37422704970839     
          23          26   1.02914285943603     
           1          28  0.945552771851868     
          16          29  0.897502557801945     
           3          30  0.965753699278301     
           4          31  0.968049946678990     
           6          32  0.968401340318236     
           7          33  0.968498962123116     
           8          34  0.969953363282892     
           8          35  0.961394956441509     
           9          36  0.951021712010540     
          10          39  0.955772076288933     
          11          40  0.968826197965389     
          12          41  0.954095028905676     
          13          42  0.976890376085442     
          13          43  0.974882492902639     
          14          44  0.975492796969536     
          14          45  0.972396791489890     
          15          46  0.987290922184429     
          15          47  0.987839388438217     
          15          48  0.987462545955754     
          17          49  0.945547276572844     
          21          51  0.968712255541154     
          22          52  0.963147919791315     
          24          53  0.972307272497859     
          25          54  0.971935772980064     
          26          55  0.975539896272774     
          26          56  0.966699968218588     
          26          57  0.979456426153073     
          11          58  0.967459896075089     
          27          59  0.918290524226899     
          50          60  0.922084491388351     
          27          61  0.859057426103027     
          60          62  0.870895482074419     
           9          63  0.974600573863211     
          37          63  0.936536192043215     
           9          64  0.914624017591111     
          64          65   1.67788009245894     
          63          67   1.26620649247241     
          66          67  0.984506638756395     
          63          68  0.191213840813348     
          67          68   1.65000166467259     
          66          69  0.973585965637188     
          66          70  0.966112641668229     
          66          71  0.980275627318128     
          38          72  0.906905813949223     
          64          72   1.29241973408325     
          65          72  0.212116668816884     
          72          73   1.00569425315325     
          73          74  0.977052260265745     
          73          75  0.976392548154119     
          73          76  0.976769026259588     
