   -0.42783857
    0.14140018
   -0.04499401
   -0.03149871
    0.00114202
   -0.03901271
   -0.05231587
   -0.05493650
    0.08485450
    0.33212342
   -0.06468990
   -0.00535671
   -0.05177620
   -0.03935055
   -0.08048122
   -0.57764457
   -0.28347166
    0.11108170
   -0.03315615
   -0.09242033
   -0.06803297
   -0.04091698
    0.10989847
   -0.03779880
   -0.04839923
   -0.09455613
   -0.68280746
    0.19971958
    0.34279587
    0.03504902
    0.03302613
    0.02267119
    0.03196524
    0.03380833
    0.05762790
    0.07251596
    0.22089168
    0.22646112
    0.01490250
    0.05380173
    0.02960267
    0.01105350
    0.02501981
    0.04263880
    0.01175392
    0.02636162
    0.01501038
    0.03625520
    0.23235434
    0.33559938
    0.02805347
    0.02488732
    0.02493143
    0.02345606
    0.04165165
    0.04778762
    0.03781553
    0.03161297
    0.32922793
   -0.67009960
    0.34716541
    0.33115708
   -0.37247408
    0.46094038
   -0.55510542
   -0.13337901
    0.48189761
   -0.54618631
    0.07041921
    0.03333724
    0.06773742
   -0.34197229
    0.06687779
    0.03363300
    0.02973066
    0.06696599
