           1           2  0.996224956470119     
           2           3   1.40016690036904     
           3           4   1.45309493127749     
           2           5  0.103659981225011     
           4           5   1.40856496767618     
           3           6  0.107037877337531     
           5           6   1.41468027941170     
           2           7   1.40291248902611     
           4           7  0.108901960266459     
           6           7   1.44549554267030     
           5           8   1.01139676675672     
           8           9  0.969448160689918     
           1          10  0.953102788130022     
          10          11  0.993046663963414     
          11          12  0.985845921715874     
          12          13  0.980497422976282     
          13          14   1.00345568116555     
          14          15   1.01543886542043     
          10          16  0.924169795900075     
          17          18   1.13828531906844     
          18          19   1.25514011721201     
          12          20   1.00412786028527     
          19          20   1.19921272105634     
          18          21   1.34595335543769     
          19          22   1.33650881724253     
          21          22  0.110241154506530     
          17          23   1.14549556103587     
          20          23   1.54580452665179     
          21          24   1.48874866914878     
          22          25   1.49994917912890     
          24          25   1.37576114066068     
          23          26   1.02475948016037     
           1          28  0.941809246893564     
          16          29  0.873612751779726     
           3          30  0.971511452992191     
           4          31  0.972534675859694     
           6          32  0.972472877329409     
           7          33  0.971760008875118     
           8          34  0.976249498484862     
           8          35  0.966156276757603     
           9          36  0.947045414313811     
          10          39  0.965659050350959     
          11          40  0.968309390031852     
          12          41  0.967197667311172     
          13          42  0.975385037594043     
          13          43  0.974657159040536     
          14          44  0.968183621468160     
          14          45  0.979223821798640     
          15          46  0.986332732488326     
          15          47  0.988854891814050     
          15          48  0.986000840273776     
          17          49  0.912001551113883     
          21          51  0.973362505301138     
          22          52  0.971102277283775     
          24          53  0.974793581742429     
          25          54  0.974493816036495     
          26          55  0.978199256244449     
          26          56  0.975843336712028     
          26          57  0.970058737402355     
          11          58  0.973308461511228     
          27          59  0.891822202581407     
          50          60  0.890044047651948     
          27          61  0.852702581119395     
          60          62  0.883686351886895     
           9          63  0.944819756715087     
          37          63  0.921103579729807     
           9          64  0.941178393833909     
          64          65   1.63326361453901     
          63          67   1.18709144598530     
          66          67  0.989413456102754     
          63          68  0.148085209217981     
          67          68   1.65154572647102     
          66          69  0.957655489431085     
          66          70  0.980658237781787     
          66          71  0.976712072298340     
          38          72  0.911418036845398     
          64          72   1.25342274699831     
          65          72  0.170081645918847     
          72          73  0.954393520187834     
          73          74  0.985416265095316     
          73          75  0.986703442372585     
          73          76  0.981234695370414     
