   -0.26604890
    0.07549429
   -0.05890017
   -0.03810680
   -0.00417000
   -0.04306412
   -0.06179155
   -0.06979823
    0.01974248
    0.20897510
   -0.06481959
   -0.00321116
   -0.06149408
   -0.04538929
   -0.11066498
   -0.43074584
   -0.59998490
    0.19921116
    0.19721937
    0.03219784
    0.03199513
    0.02666878
    0.03090597
    0.06160123
    0.05847610
    0.06229531
    0.18127313
    0.20374743
    0.01514686
    0.03701675
    0.06185175
    0.05317947
    0.04761179
    0.02986689
    0.03221810
    0.03518214
    0.03416814
    0.06220762
    0.29378761
    0.29801654
   -0.60765099
    0.27661066
    0.32012828
   -0.18083424
    0.26350403
   -0.43345667
   -0.14131293
    0.27705112
   -0.46220069
    0.05176295
    0.06358405
    0.07469820
   -0.17632366
   -0.04276272
    0.05290646
    0.04945511
    0.08297367
