           1           2   1.15045933163654     
           2           3   1.34066579117218     
           3           4   1.47186962635682     
           4           5   1.39481649643938     
           3           6  0.100892420965071     
           5           6   1.40519677101881     
           2           7   1.35144176067267     
           4           7  0.102558569971551     
           6           7   1.45790514541283     
           5           8   1.00939346642340     
           8           9  0.981517548688223     
           1          10  0.115658688509856     
          10          11   1.09178481349752     
          11          12   1.81194531870345     
          12          13   1.04503512739668     
          13          14  0.975469746924809     
          14          15   1.01818422635690     
          10          16   1.69689238005886     
           1          18  0.930351511636435     
           1          19  0.929274468124073     
           3          20  0.967863227599936     
           4          21  0.968858552682612     
           6          22  0.968362185868989     
           7          23  0.968677449598038     
           8          24  0.970112457335215     
           8          25  0.964524636543855     
           9          26  0.951961714407379     
          10          29  0.939205344798787     
          11          30  0.964120144798288     
          12          31  0.961842402548575     
          13          32  0.956829516769391     
          13          33  0.972089500706359     
          14          34  0.979543677519548     
          14          35  0.979135549713265     
          15          36  0.985736893492017     
          15          37  0.987949404516406     
          15          38  0.980882611079854     
          17          39  0.901099795509367     
          17          40  0.894632180730556     
          41          42  0.918928732687582     
          41          43  0.853997127483032     
           9          44  0.972958321959707     
          27          44  0.934312901354056     
           9          45  0.914091918122826     
          45          46   1.68122613270634     
          44          48   1.27762821275281     
          47          48  0.984544281724772     
          44          49  0.191787051574801     
          48          49   1.63601418754104     
          47          50  0.974915564708104     
          47          51  0.964299245287262     
          47          52  0.980998743065653     
          28          53  0.909371258949326     
          45          53   1.28900866648458     
          46          53  0.211831025949840     
          53          54   1.00541865661700     
          54          55  0.977273684102164     
          54          56  0.976323390323191     
          54          57  0.976629158354788     
