   -0.26635645
    0.07549678
   -0.05891921
   -0.03817852
   -0.00430515
   -0.04307616
   -0.06187857
   -0.06973814
    0.01991687
    0.20898356
   -0.06446861
   -0.00277172
   -0.06115106
   -0.04566219
   -0.11087143
   -0.43037023
   -0.60001502
    0.20227150
    0.19432970
    0.03315336
    0.03186615
    0.02604286
    0.03030828
    0.06120992
    0.05896011
    0.06157231
    0.18172761
    0.20450851
    0.01589224
    0.03682399
    0.06209018
    0.05373293
    0.04683614
    0.03068593
    0.03215228
    0.03522798
    0.03374367
    0.06282378
    0.29120779
    0.29914751
   -0.60749815
    0.31986460
    0.27635818
   -0.18099430
    0.26349021
   -0.43371633
   -0.14141069
    0.27700508
   -0.46186646
    0.05244755
    0.06308961
    0.07444977
   -0.17660530
   -0.04274380
    0.05279514
    0.04957345
    0.08281197
