           1           2   1.15125722269259     
           2           3   1.34004542905146     
           3           4   1.47218323959208     
           4           5   1.39458219649996     
           3           6  0.100916245365866     
           5           6   1.40523699468109     
           2           7   1.35163370920583     
           4           7  0.102435178077503     
           6           7   1.45757679223152     
           5           8   1.00955300085480     
           8           9  0.981426314979765     
           1          10  0.113677373648181     
          10          11   1.09315984488073     
          11          12   1.81033038863523     
          12          13   1.04551101474945     
          13          14  0.976048711285865     
          14          15   1.01821533416803     
          10          16   1.69640725968610     
           1          18  0.927157702151189     
           1          19  0.933027917355962     
           3          20  0.967745021806242     
           4          21  0.968887989634794     
           6          22  0.968269481728948     
           7          23  0.968736491892382     
           8          24  0.970057719214897     
           8          25  0.964709228252349     
           9          26  0.952030072334462     
          10          29  0.939429667010739     
          11          30  0.964478849970148     
          12          31  0.961668246467702     
          13          32  0.955426444195636     
          13          33  0.972185469801234     
          14          34  0.979675707758086     
          14          35  0.979093319485684     
          15          36  0.985766154618819     
          15          37  0.987963663777055     
          15          38  0.980468745489668     
          17          39  0.905045512563143     
          17          40  0.892098755811237     
          41          42  0.854425842627326     
          41          43  0.918628947904164     
           9          44  0.973028052934825     
          27          44  0.933852875490293     
           9          45  0.913821516881388     
          45          46   1.68084572376502     
          44          48   1.27825734964673     
          47          48  0.984376714346774     
          44          49  0.191711846781649     
          48          49   1.63513993993741     
          47          50  0.974351071360003     
          47          51  0.964975924829635     
          47          52  0.981637357509044     
          28          53  0.907951639002761     
          45          53   1.28987150705702     
          46          53  0.212051522249448     
          53          54   1.00545859174012     
          54          55  0.977050577258132     
          54          56  0.976510742169128     
          54          57  0.976649976628404     
