   -0.26085182
    0.07433215
   -0.04651426
   -0.03830404
    0.00401637
   -0.04359920
   -0.05219475
   -0.07070974
    0.01939038
    0.18412668
   -0.06822014
   -0.02861468
   -0.06349605
   -0.06275648
   -0.10302868
   -0.47283066
   -0.12124514
    0.04163741
   -0.02518008
   -0.05000912
   -0.05523980
   -0.04925806
    0.04003479
   -0.03943261
   -0.04507778
   -0.11276537
   -0.59671976
    0.14580076
    0.29254501
    0.04343091
    0.03645648
    0.03072360
    0.02487469
    0.06487721
    0.05910109
    0.06268916
    0.17827488
    0.20566674
    0.02458631
    0.04994370
    0.06281759
    0.03966732
    0.02825505
    0.02172893
    0.05984810
    0.03018825
    0.03461163
    0.03078874
    0.15579402
    0.27390762
    0.01912561
    0.04037244
    0.02366897
    0.02448015
    0.05487183
    0.04786724
    0.04206296
    0.04811614
    0.28266657
   -0.60027063
    0.31386028
    0.30423313
   -0.18383750
    0.26357819
   -0.43602900
   -0.14295295
    0.27747976
   -0.45423796
    0.05499292
    0.05995399
    0.07905196
   -0.17552338
   -0.04275849
    0.05276764
    0.05006648
    0.08232629
