           1           2   1.05076813897541     
           2           3   1.37544046070407     
           3           4   1.46534474340125     
           2           5  0.100132704677388     
           4           5   1.39668343121217     
           3           6  0.105495246228511     
           5           6   1.41519923743196     
           2           7   1.39330278860670     
           4           7  0.106581229344946     
           6           7   1.44308602522637     
           5           8   1.00994574950069     
           8           9  0.983045143776439     
           1          10  0.994796781498714     
          10          11  0.992540098579835     
          11          12  0.980195641359586     
          12          13  0.984477309402327     
          13          14   1.00786694747143     
          14          15   1.01867035758104     
          10          16  0.944197663690680     
          17          18   1.17403218234997     
          18          19   1.24381401311861     
          12          20   1.00525798382473     
          19          20   1.20065768874861     
          18          21   1.34329547457469     
          19          22   1.33236759069499     
          21          22  0.111334112017790     
          17          23   1.17015239180640     
          20          23   1.55330762361580     
          21          24   1.48719699586668     
          22          25   1.50013959704875     
          24          25   1.37465803407548     
          23          26   1.02906834567980     
           1          28  0.946108463723199     
          16          29  0.897490447009138     
           3          30  0.965486740379302     
           4          31  0.968145086820748     
           6          32  0.968383825860633     
           7          33  0.968319890588187     
           8          34  0.969900905830755     
           8          35  0.961829621156420     
           9          36  0.951097573319833     
          10          39  0.955987487858135     
          11          40  0.968962311019137     
          12          41  0.954366473686133     
          13          42  0.977157729013306     
          13          43  0.973535172482195     
          14          44  0.975736289250895     
          14          45  0.971601648493886     
          15          46  0.987318571600805     
          15          47  0.987904378797719     
          15          48  0.987815426336631     
          17          49  0.945979908532114     
          21          51  0.968718209916057     
          22          52  0.962807685242955     
          24          53  0.972297344688806     
          25          54  0.971930152484805     
          26          55  0.977203865323608     
          26          56  0.968879958668133     
          26          57  0.975029796020402     
          11          58  0.968061317290895     
          27          59  0.918233264211420     
          50          60  0.921899394527892     
          27          61  0.859444371769855     
          60          62  0.870953123094641     
           9          63  0.974514845592107     
          37          63  0.936205217749506     
           9          64  0.914931612374507     
          64          65   1.67793587670608     
          63          67   1.26571848477922     
          66          67  0.984106100461430     
          63          68  0.191261465563553     
          67          68   1.65133408461796     
          66          69  0.972782874580704     
          66          70  0.967019821698861     
          66          71  0.981070617871841     
          38          72  0.907493367246819     
          64          72   1.29229156524804     
          65          72  0.212074001833146     
          72          73   1.00575872062571     
          73          74  0.977051063839467     
          73          75  0.976362277659524     
          73          76  0.976773193350083     
