   -0.23165891
    0.08239462
   -0.04595292
   -0.03866730
    0.00492194
   -0.04114605
   -0.04518809
   -0.06902667
    0.02075966
    0.08140626
   -0.04923316
   -0.01832052
   -0.06132839
   -0.04897635
   -0.10516470
   -0.61151125
   -0.61002684
    0.31534201
    0.31495770
    0.02979629
    0.03256823
    0.03114814
    0.05415550
    0.06169895
    0.05698410
    0.06153084
    0.18312380
    0.20465812
    0.03819448
    0.05739363
    0.03887574
    0.04470377
    0.05108274
    0.03941139
    0.03030279
    0.03665589
    0.03622310
    0.04300975
    0.32283533
    0.27834534
   -0.60052976
    0.26842425
    0.27818679
   -0.18771802
    0.26418754
   -0.43630030
   -0.15269134
    0.27736344
   -0.46651072
    0.05645187
    0.06804130
    0.09123561
   -0.17635362
   -0.04202589
    0.05130325
    0.04881710
    0.08183957
