           1           2   1.12389809305206     
           2           3   1.33936759178836     
           3           4   1.46906698712796     
           4           5   1.39481834792760     
           3           6  0.100311688747574     
           5           6   1.40533880266400     
           2           7   1.34375956257156     
           4           7  0.101681671923056     
           6           7   1.44903186943483     
           5           8   1.01135549418206     
           8           9  0.979071661399989     
           1          10   1.72287660634599     
          10          11   1.14307971943935     
           1          12  0.114457229831266     
          11          12   1.78320955770521     
          12          13   1.04485864398458     
          13          14  0.985705434770922     
          14          15   1.01878000999881     
          16          19  0.886100345616821     
           3          20  0.967937195887099     
           4          21  0.967521186421134     
           6          22  0.967766694729146     
           7          23  0.962045665585925     
           8          24  0.970320141147575     
           8          25  0.964202439140054     
           9          26  0.949099947056337     
          10          29  0.954431384955100     
          11          30  0.946873411676728     
          12          31  0.963747221033393     
          13          32  0.947668714322320     
          13          33  0.968703742273389     
          14          34  0.979565111191469     
          14          35  0.978747176105280     
          15          36  0.986445550812010     
          15          37  0.987766187631156     
          15          38  0.987213274757408     
          17          39  0.910111801273725     
          17          40  0.881091772798105     
          18          41  0.865942268820601     
          16          42  0.898215899525193     
          41          43  0.924881668536727     
           9          44  0.975547522863038     
          27          44  0.935400386455826     
           9          45  0.914958630783011     
          45          46   1.68144669089492     
          44          48   1.27749662676843     
          47          48  0.993618450961426     
          44          49  0.185734893389331     
          48          49   1.61772321246461     
          47          50  0.976273368660466     
          47          51  0.980600776860908     
          47          52  0.945955171637039     
          28          53  0.914694580486717     
          45          53   1.28638066984113     
          46          53  0.211328997442065     
          53          54   1.00545581419209     
          54          55  0.976822270569129     
          54          56  0.976688197721492     
          54          57  0.976510427504913     
