   -0.25808260
    0.07610299
   -0.04799770
   -0.03527400
    0.00691330
   -0.03953015
   -0.05053105
   -0.06638471
    0.01780407
    0.08638022
   -0.05037218
   -0.01824826
   -0.06126505
   -0.05769827
   -0.10148643
   -0.59592640
   -0.20378941
    0.06788234
   -0.02162064
   -0.03381209
   -0.06499913
   -0.04063226
    0.08414825
   -0.03502959
   -0.05051620
   -0.11480043
   -0.57891336
    0.30893947
    0.31052252
    0.04186392
    0.03274010
    0.02844962
    0.05950731
    0.05072319
    0.05970180
    0.07785346
    0.17064086
    0.17495719
    0.03784874
    0.06253435
    0.02861572
    0.03280830
    0.04242536
    0.05346325
    0.02479179
    0.03085892
    0.03032480
    0.03503989
    0.17670041
    0.03578698
    0.02744913
    0.02232435
    0.02305536
    0.02069451
    0.05354343
    0.04933662
    0.04740243
    0.29377924
    0.28326090
   -0.60227975
    0.27890373
    0.27079889
   -0.19921747
    0.26326312
   -0.42602571
   -0.15430571
    0.28111429
   -0.45007595
    0.04134478
    0.07484603
    0.10384433
   -0.16878644
   -0.04513316
    0.05258656
    0.05065064
    0.08820666
