           1           2   1.08734644612593     
           2           3   1.35497483899548     
           3           4   1.46096575941992     
           4           5   1.40096344446120     
           3           6  0.101992523552277     
           5           6   1.40249841498218     
           2           7   1.36354956892372     
           4           7  0.105530336200710     
           6           7   1.45692226439728     
           5           8   1.01333250704261     
           8           9  0.965136578437286     
           1          10   1.78752259400246     
          10          11   1.05165834536367     
          11          12  0.958891171133043     
          12          13   1.00262212673242     
          13          14   1.00588866295677     
          14          15   1.01893040414383     
          17          18   1.14999683467644     
          18          19   1.29364391663832     
          12          20  0.965000592925474     
          19          20   1.00344655943058     
          18          21   1.37068078475314     
          19          22   1.46739821371795     
          11          23  0.890122447713163     
          17          23   1.00608022594716     
          20          23  0.964416591537126     
          19          24  0.101767739881121     
          21          24   1.43146287514322     
          22          25   1.39787258447586     
          24          25   1.45025870280990     
          23          26   1.00298950438904     
          16          28  0.853203877562486     
           3          30  0.962382052272838     
           4          31  0.967830184781098     
           6          32  0.968093469582524     
           7          33  0.962742212176129     
           8          34  0.972094365279509     
           8          35  0.967345692335269     
           9          36  0.942743848973510     
          10          39  0.954040675930923     
          11          40  0.956179209572421     
          12          41  0.967990442842431     
          13          42  0.972279557702843     
          13          43  0.974217934240140     
          14          44  0.973174498159329     
          14          45  0.978566149511016     
          15          46  0.987250932032927     
          15          47  0.987775098251475     
          15          48  0.985984443516837     
          17          49  0.924631916386921     
          20          50  0.962649095993356     
          21          51  0.969490011856240     
          22          52  0.970181918306442     
          24          53  0.971903902868756     
          25          54  0.972305759939105     
          26          55  0.982035732377811     
          26          56  0.979650031095070     
          26          57  0.977469289679333     
          27          58  0.897129288165435     
          27          59  0.915555186465482     
          29          60  0.863341304015694     
          16          61  0.917862721241545     
          60          62  0.924880515515076     
           9          63  0.983516582477593     
          37          63  0.939420512255289     
           9          64  0.929215398402453     
          64          65   1.69241585482347     
          63          67   1.21910095223655     
          66          67  0.993385560491949     
          63          68  0.182528687278266     
          67          68   1.68462870417948     
          66          69  0.982566359675295     
          66          70  0.969454156896272     
          66          71  0.944163032366786     
          38          72  0.940820354128345     
          64          72   1.26209058349889     
          65          72  0.205366665503196     
          72          73   1.00496254147263     
          73          74  0.976808680830967     
          73          75  0.977067670264421     
          73          76  0.975281522442182     
