   -0.26344522
    0.07428265
   -0.04555165
   -0.03820406
    0.00446622
   -0.04348144
   -0.05126588
   -0.07062781
    0.01940623
    0.18399235
   -0.06737326
   -0.02844293
   -0.06449833
   -0.06176612
   -0.10314338
   -0.47273187
   -0.12024905
    0.04138554
   -0.02512308
   -0.05021158
   -0.05504206
   -0.04922324
    0.04002652
   -0.03951587
   -0.04493566
   -0.11140754
   -0.59692106
    0.14552486
    0.29240110
    0.04282823
    0.03654513
    0.03077085
    0.02629514
    0.06456891
    0.05973670
    0.06269661
    0.17824061
    0.20595326
    0.02510254
    0.04884208
    0.06289904
    0.03978978
    0.03034662
    0.02107353
    0.05856141
    0.02978507
    0.03516641
    0.03044831
    0.15553394
    0.27368376
    0.01912654
    0.03997003
    0.02364191
    0.02434650
    0.05237065
    0.05153535
    0.04035502
    0.04698733
    0.28254360
   -0.60055485
    0.31389498
    0.30402150
   -0.18337655
    0.26344874
   -0.43619575
   -0.14304838
    0.27743353
   -0.45499753
    0.05476542
    0.06046090
    0.07942801
   -0.17573649
   -0.04274072
    0.05277107
    0.05002019
    0.08233668
