           1           2   1.04548526597374     
           2           3   1.37755936927606     
           3           4   1.46494385953626     
           2           5  0.100813198309648     
           4           5   1.39696523394691     
           3           6  0.105815858311868     
           5           6   1.41605715499820     
           2           7   1.39590998308319     
           4           7  0.106904815925477     
           6           7   1.44224304905840     
           5           8   1.00999223528671     
           8           9  0.983696086466573     
           1          10  0.995149028141580     
          10          11  0.992762438621928     
          11          12  0.980035013629308     
          12          13  0.985269834268693     
          13          14   1.00809368161663     
          14          15   1.01867796012219     
          10          16  0.944026669596660     
          17          18   1.17352491014293     
          18          19   1.24330435850239     
          12          20   1.00510864692397     
          19          20   1.20267636301444     
          18          21   1.34334984967427     
          19          22   1.33126223909544     
          21          22  0.111374651683846     
          17          23   1.17192663431614     
          20          23   1.55114314165251     
          21          24   1.48744151068146     
          22          25   1.50082931334513     
          24          25   1.37413588648198     
          23          26   1.02914484155578     
           1          28  0.945602489759769     
          16          29  0.897467119657809     
           3          30  0.965724172219013     
           4          31  0.968022372154685     
           6          32  0.968394690836551     
           7          33  0.968482211408336     
           8          34  0.969867518621143     
           8          35  0.961254543604124     
           9          36  0.951039674174410     
          10          39  0.955651123211870     
          11          40  0.968933263856712     
          12          41  0.954103480086788     
          13          42  0.976875517983693     
          13          43  0.975018195419090     
          14          44  0.975520283050561     
          14          45  0.972433458315622     
          15          46  0.987325868955489     
          15          47  0.987862002933574     
          15          48  0.987448064014859     
          17          49  0.945481656712327     
          21          51  0.968711123852359     
          22          52  0.963150071892354     
          24          53  0.972307230455751     
          25          54  0.971935789222356     
          26          55  0.975262732540499     
          26          56  0.966607869404181     
          26          57  0.979913726174315     
          11          58  0.967492565764545     
          27          59  0.918288831043373     
          50          60  0.922040802737515     
          27          61  0.859057453405442     
          60          62  0.870847818254888     
           9          63  0.974578428156874     
          37          63  0.936515939986724     
           9          64  0.914665652948408     
          64          65   1.67782239160352     
          63          67   1.26611755790886     
          66          67  0.984462212212063     
          63          68  0.191191903979793     
          67          68   1.65023604570742     
          66          69  0.973075095359237     
          66          70  0.966440210060065     
          66          71  0.980506502259154     
          38          72  0.906993472454765     
          64          72   1.29251236230758     
          65          72  0.212099633532105     
          72          73   1.00570517450020     
          73          74  0.977063377448510     
          73          75  0.976376750419373     
          73          76  0.976747477741539     
