   -0.25881088
    0.07435792
   -0.04750195
   -0.03866988
    0.00331514
   -0.04332141
   -0.05283376
   -0.07117265
    0.01916123
    0.18397627
   -0.06788578
   -0.02857545
   -0.06454484
   -0.06171008
   -0.10306802
   -0.47286582
   -0.12017949
    0.04131057
   -0.02535246
   -0.05036350
   -0.05502283
   -0.04943036
    0.04007689
   -0.03950994
   -0.04495849
   -0.11130633
   -0.59664961
    0.14608630
    0.29270567
    0.04311656
    0.03632459
    0.03157214
    0.02381361
    0.06605258
    0.05874997
    0.06264587
    0.17787898
    0.20553088
    0.02512549
    0.05141681
    0.06350640
    0.04013038
    0.03026144
    0.02168330
    0.05761973
    0.03003794
    0.03510524
    0.03031820
    0.15557949
    0.27366543
    0.01923900
    0.04006495
    0.02377237
    0.02442403
    0.05200368
    0.05196736
    0.04030663
    0.04593439
    0.28264199
   -0.60036881
    0.31368913
    0.30384841
   -0.18296296
    0.26356343
   -0.43621471
   -0.14285529
    0.27747110
   -0.45458800
    0.05400733
    0.06096470
    0.07885121
   -0.17549725
   -0.04276563
    0.05278406
    0.04995370
    0.08237369
