           1           2   1.05488676131591     
           2           3   1.37425870634026     
           3           4   1.46508918680407     
           4           5   1.39674287520151     
           3           6  0.105345783065064     
           5           6   1.41465184669808     
           2           7   1.39078114710790     
           4           7  0.106356286406548     
           6           7   1.44435876775182     
           5           8   1.00973560237249     
           8           9  0.984566993367687     
           1          10  0.995020820008253     
          10          11  0.992288269864309     
          11          12  0.979491487599292     
          12          13  0.985429726943619     
          13          14   1.00803221824355     
          14          15   1.01870785594831     
          10          16  0.944260739974899     
          17          18   1.17346883840412     
          18          19   1.24330763617466     
          12          20   1.00518392179092     
          19          20   1.20272040502376     
          18          21   1.34332927477748     
          19          22   1.33110314901140     
          21          22  0.111390711822546     
          17          23   1.17218121490408     
          20          23   1.55088378374134     
          21          24   1.48749258163392     
          22          25   1.50085632513313     
          24          25   1.37410461094580     
          23          26   1.02916964962871     
           1          28  0.946544298992740     
          16          29  0.897353830595501     
           3          30  0.965598949479511     
           4          31  0.968026750263034     
           6          32  0.968387235763754     
           7          33  0.968149537868872     
           8          34  0.969310674709995     
           8          35  0.960592322236528     
           9          36  0.951091577515118     
          10          39  0.956114755787771     
          11          40  0.968135717393821     
          12          41  0.953754661898543     
          13          42  0.976809162660790     
          13          43  0.975198101668754     
          14          44  0.975351878286117     
          14          45  0.972867132610269     
          15          46  0.987329621669522     
          15          47  0.987905904380197     
          15          48  0.987848911697372     
          17          49  0.945395152870858     
          21          51  0.968710081696649     
          22          52  0.963117297798475     
          24          53  0.972299792113348     
          25          54  0.971928920905492     
          26          55  0.975067599762228     
          26          56  0.966555776927956     
          26          57  0.980303389092651     
          11          58  0.968212502879327     
          27          59  0.918242867553910     
          50          60  0.921914006341459     
          27          61  0.859671163906793     
          60          62  0.871461882399017     
           9          63  0.974433503250786     
          37          63  0.936508331724828     
           9          64  0.915017383828787     
          64          65   1.67776794108678     
          63          67   1.26605780860196     
          66          67  0.984232824728880     
          63          68  0.191286502193332     
          67          68   1.65085836492875     
          66          69  0.973979337687793     
          66          70  0.966036534690401     
          66          71  0.980739743974935     
          38          72  0.907718678783307     
          64          72   1.29228653068104     
          65          72  0.211868288121606     
          72          73   1.00575587895523     
          73          74  0.977047510057031     
          73          75  0.976400521653836     
          73          76  0.976748121587909     
