   -0.26222254
    0.07422806
   -0.04603060
   -0.03830916
    0.00417923
   -0.04348773
   -0.05167373
   -0.07077635
    0.01937363
    0.18395531
   -0.06755797
   -0.02857913
   -0.06434565
   -0.06174027
   -0.10317873
   -0.47266701
   -0.12045182
    0.04143495
   -0.02519493
   -0.05019556
   -0.05508385
   -0.04926272
    0.03999321
   -0.03947714
   -0.04490456
   -0.11166056
   -0.59688334
    0.14567206
    0.29237643
    0.04292381
    0.03651221
    0.03101122
    0.02557631
    0.06497642
    0.05947027
    0.06256057
    0.17820195
    0.20587860
    0.02519723
    0.04920653
    0.06307632
    0.04010743
    0.02997791
    0.02117287
    0.05836089
    0.02987658
    0.03534371
    0.03027478
    0.15558902
    0.27375123
    0.01912113
    0.04024127
    0.02365844
    0.02441489
    0.05285999
    0.05084541
    0.04063399
    0.04716543
    0.28258933
   -0.60035679
    0.31367501
    0.30390401
   -0.18347287
    0.26352416
   -0.43618145
   -0.14296568
    0.27744938
   -0.45483592
    0.05524009
    0.06010437
    0.07913679
   -0.17568094
   -0.04273898
    0.05275696
    0.05002202
    0.08231456
