   -0.24249219
    0.07997742
   -0.04153830
   -0.03475915
    0.00491607
   -0.04325454
   -0.06603126
   -0.06848803
    0.01829788
    0.07616202
   -0.06727145
   -0.01389188
   -0.06847318
   -0.04864305
   -0.10526696
   -0.60900539
   -0.58851340
    0.29760028
    0.29434601
    0.03695795
    0.03633717
    0.02820333
    0.05601650
    0.05535985
    0.06376917
    0.07068095
    0.18010145
    0.20122468
    0.03671174
    0.08269245
    0.03598236
    0.05100522
    0.07212644
    0.03334632
    0.02969399
    0.03486640
    0.03473869
    0.04267866
    0.29349871
    0.29822079
   -0.59759496
    0.29041425
    0.27235094
   -0.17817473
    0.26318788
   -0.43364006
   -0.15470989
    0.27909802
   -0.47687381
    0.05039326
    0.07220390
    0.09734039
   -0.17491694
   -0.04318097
    0.05292933
    0.04993864
    0.08335103
