   -0.29325577
    0.07508422
   -0.07005703
   -0.04543548
   -0.01122440
   -0.04183333
   -0.07079013
   -0.06889418
    0.01891136
    0.20847568
   -0.07033338
    0.00303658
   -0.06344002
   -0.04997228
   -0.10708937
   -0.38763438
   -0.60354592
    0.20014343
    0.15042414
    0.01688725
    0.02159876
    0.02623641
    0.04649570
    0.05976325
    0.04344456
    0.05625821
    0.19454903
    0.22027107
    0.03693926
    0.06624147
    0.06401703
    0.07293282
    0.05870602
    0.03687053
    0.03822540
    0.04140066
    0.04063356
    0.04320604
    0.31642054
    0.27135778
   -0.59735292
    0.31747175
    0.28325495
   -0.18826373
    0.26437941
   -0.45551311
   -0.14768626
    0.28171985
   -0.45856105
    0.06812475
    0.06534149
    0.06662694
   -0.18010743
   -0.04063582
    0.04773910
    0.04997080
    0.07846614
