           1           2   1.17548484708252     
           2           3   1.34030081082421     
           3           4   1.46194513193517     
           4           5   1.40099374358145     
           5           6   1.39319655749230     
           2           7   1.33349673497697     
           4           7  0.100422197725934     
           6           7   1.46998245618153     
           5           8   1.01109667191734     
           8           9  0.956337417182625     
          10          11   1.13092837668221     
          11          12   1.77214471912229     
          12          13   1.05625825231164     
          13          14  0.979476445999893     
          14          15   1.01894459805962     
          10          16   1.77028343220444     
          12          16  0.100735586469760     
           1          18  0.920266650835821     
           1          19  0.956446058317692     
           3          20  0.969000674029395     
           4          21  0.969072136366333     
           6          22  0.968182104453617     
           7          23  0.963553851174912     
           8          24  0.967404964251275     
           8          25  0.971261023113813     
           9          26  0.962582441407050     
          10          29  0.934444963551447     
          11          30  0.953949668298511     
          12          31  0.959276976053080     
          13          32  0.936993821406864     
          13          33  0.971636397251578     
          14          34  0.979201393253683     
          14          35  0.978163412304305     
          15          36  0.985397809246148     
          15          37  0.987259271470233     
          15          38  0.987031453327852     
          17          39  0.853006643772811     
          17          40  0.922528903557599     
          41          42  0.857890861494291     
          41          43  0.917308585432701     
           9          44  0.977076241234926     
          27          44  0.922459667360182     
           9          45  0.923610573520722     
          45          46   1.65442108405233     
          44          48   1.27973185763487     
          47          48  0.985680929576080     
          44          49  0.187733159762652     
          48          49   1.63012276834297     
          47          50  0.979705877086484     
          47          51  0.961682038286523     
          47          52  0.974244244132262     
          28          53  0.877613996157293     
          45          53   1.31060404564586     
          46          53  0.212698120547032     
          53          54   1.00748143772866     
          54          55  0.976705520938461     
          54          56  0.977017843489784     
          54          57  0.977230957018878     
