   -0.42628852
    0.14998216
   -0.07288374
   -0.03727711
   -0.02241869
   -0.04110193
   -0.08105418
   -0.05251222
    0.08611672
    0.38518320
   -0.09164447
    0.04204050
   -0.04865697
   -0.02571547
   -0.08534471
   -0.53323575
   -0.68824991
    0.23955901
    0.22118122
    0.04262611
    0.02659234
    0.01920371
    0.02836862
    0.04637867
    0.04900736
    0.05083063
    0.23061640
    0.24517201
    0.01066517
    0.03350709
    0.04425496
    0.03776991
    0.04266838
    0.03134636
    0.02116563
    0.03039251
    0.02306243
    0.04375572
    0.33145784
    0.33925643
   -0.68973980
    0.33659114
    0.35409101
   -0.34509995
    0.46142002
   -0.55619340
   -0.13253709
    0.47661849
   -0.56941095
    0.05023518
    0.05052625
    0.06364376
   -0.34102814
    0.06672131
    0.03254014
    0.03193298
    0.06391157
