           1           2   1.12397746980196     
           2           3   1.34682343817681     
           3           4   1.46873545068459     
           4           5   1.39826064313171     
           3           6  0.101501251986771     
           5           6   1.40587412161282     
           2           7   1.35436975295225     
           4           7  0.100844130317110     
           6           7   1.45964574173743     
           5           8   1.00878409699748     
           8           9  0.980934939239031     
          10          11   1.09945261668206     
          11          12   1.79718143151394     
          12          13   1.04259621694923     
          13          14  0.970966667656917     
          14          15   1.01716226925110     
          10          16   1.67295512728608     
           1          18  0.905924665895023     
           1          19  0.925904357761928     
           3          20  0.969376715289091     
           4          21  0.972706204505107     
           6          22  0.970690825281342     
           7          23  0.973299139981416     
           8          24  0.973049981470064     
           8          25  0.971210863260272     
           9          26  0.961344550284874     
          10          29  0.948755415998543     
          11          30  0.971586867454005     
          12          31  0.967854147847353     
          13          32  0.960769805351460     
          13          33  0.970188578031608     
          14          34  0.980872647754611     
          14          35  0.981283746529954     
          15          36  0.985121450215338     
          15          37  0.988328303965629     
          15          38  0.982896388435489     
          17          39  0.879391427255917     
          17          40  0.870823479940615     
          41          42  0.888076236322151     
          41          43  0.832467568118192     
           9          44  0.930141567604617     
          27          44  0.912377857065602     
           9          45  0.923935607313673     
          45          46   1.63117166692220     
          44          48   1.26359370848570     
          47          48  0.982938283708247     
          44          49  0.162687542418665     
          48          49   1.58750127450821     
          47          50  0.971995870205412     
          47          51  0.974167786780652     
          47          52  0.983574998475156     
          28          53  0.893993343572378     
          45          53   1.27591228008467     
          46          53  0.177195184311652     
          53          54  0.955394451127317     
          54          55  0.986608795057071     
          54          56  0.985249137468153     
          54          57  0.982053781751635     
