   -0.26444088
    0.07534028
   -0.05846929
   -0.03797346
   -0.00361718
   -0.04299194
   -0.06148507
   -0.06982126
    0.01969682
    0.20867759
   -0.06506879
   -0.00384790
   -0.06181264
   -0.04493551
   -0.11058270
   -0.43459289
   -0.59969460
    0.20034073
    0.19871036
    0.03271959
    0.03236609
    0.02689164
    0.03138606
    0.06189260
    0.05806519
    0.06279909
    0.18121104
    0.20285099
    0.01505166
    0.03778576
    0.06111466
    0.05162571
    0.04860852
    0.02894873
    0.03198521
    0.03506503
    0.03439840
    0.06205450
    0.29254325
    0.29993422
   -0.60848899
    0.27581521
    0.31993607
   -0.18063056
    0.26355983
   -0.43318036
   -0.14118326
    0.27708776
   -0.46299540
    0.04955388
    0.06555216
    0.07519454
   -0.17581157
   -0.04290814
    0.05294067
    0.04958878
    0.08323977
