           1           2   1.14802543331982     
           2           3   1.34138940848984     
           3           4   1.47185210995209     
           4           5   1.39476354461847     
           3           6  0.101054637640782     
           5           6   1.40546585520121     
           2           7   1.35253056942915     
           4           7  0.102588773156063     
           6           7   1.45741967139299     
           5           8   1.00943618668163     
           8           9  0.981001056011894     
           1          10  0.125244658512022     
          10          11   1.08981457295723     
          11          12   1.81473254309136     
          12          13   1.04413149813173     
          13          14  0.974651696567317     
          14          15   1.01812845448401     
          10          16   1.68912086017358     
           1          18  0.929350634201298     
           1          19  0.927728831454975     
           3          20  0.967853759162129     
           4          21  0.968855184373137     
           6          22  0.968310467818984     
           7          23  0.968628223923981     
           8          24  0.970084133807956     
           8          25  0.964874997340329     
           9          26  0.952008766512668     
          10          29  0.939297013035526     
          11          30  0.964501564493549     
          12          31  0.962109189067756     
          13          32  0.959280548478973     
          13          33  0.971856191456411     
          14          34  0.979380355986696     
          14          35  0.979264160539023     
          15          36  0.985689868087396     
          15          37  0.987949896242150     
          15          38  0.981078771608994     
          17          39  0.903992530466690     
          17          40  0.891508806717067     
          41          42  0.919364070107480     
          41          43  0.853085609969612     
           9          44  0.972941614368297     
          27          44  0.934006479548963     
           9          45  0.914525608741332     
          45          46   1.68150467268418     
          44          48   1.27733017632205     
          47          48  0.984932220182422     
          44          49  0.191815512472830     
          48          49   1.63636671869492     
          47          50  0.977937777163068     
          47          51  0.962660380541834     
          47          52  0.979052542401585     
          28          53  0.911132217311459     
          45          53   1.28810990440819     
          46          53  0.211658182993546     
          53          54   1.00536303558819     
          54          55  0.977000651870106     
          54          56  0.976580258807465     
          54          57  0.976530878568361     
