   -0.40486917
    0.14443860
   -0.05809781
   -0.02541919
   -0.00940607
   -0.04109079
   -0.06778116
   -0.05264543
    0.08412105
    0.33753352
   -0.07678220
   -0.01665125
   -0.04748276
   -0.03489405
   -0.08523127
   -0.58244582
   -0.68957239
    0.22118453
    0.34886880
    0.03676487
    0.03271027
    0.01824631
    0.03065050
    0.03516961
    0.05672204
    0.07277270
    0.22139916
    0.22520864
    0.01770052
    0.03373356
    0.03144470
    0.02807697
    0.04153660
    0.01913079
    0.02179642
    0.02660142
    0.02776343
    0.02873629
    0.34095697
    0.34062448
   -0.68570147
    0.36229411
    0.32792946
   -0.36803151
    0.46148995
   -0.55233792
   -0.13572416
    0.48291750
   -0.54002093
    0.05384384
    0.04231961
    0.06327714
   -0.34288772
    0.06684763
    0.03431741
    0.03004345
    0.06790027
