           1           2   1.05653413825889     
           2           3   1.37189019310125     
           3           4   1.46346297752902     
           4           5   1.40218075060321     
           3           6  0.103432316654787     
           5           6   1.40760904510443     
           2           7   1.37423397154149     
           4           7  0.103816949623794     
           6           7   1.45327687001746     
           5           8   1.01151778464470     
           8           9  0.967170425313637     
           1          10  0.911878889257798     
          10          11  0.992335055938685     
          11          12   1.92904293147821     
          12          13   1.02136670087686     
          13          14  0.987133397891597     
          14          15   1.01741324290766     
          10          16  0.973547727020639     
           1          18  0.924510381403869     
          17          19  0.847668989623949     
           3          20  0.970842413521043     
           4          21  0.972330371189732     
           6          22  0.972095610682436     
           7          23  0.970217834071136     
           8          24  0.976018899519535     
           8          25  0.968234725187461     
           9          26  0.948538665520818     
          10          29  0.958457537844530     
          11          30  0.965624098277427     
          12          31  0.970517432310378     
          13          32  0.970061428639834     
          13          33  0.973082957206794     
          14          34  0.981337428683478     
          14          35  0.980927629930160     
          15          36  0.986600665156196     
          15          37  0.987911953692770     
          15          38  0.987884046987503     
          17          40  0.884853949232587     
          39          41  0.868118163607527     
          16          42  0.814828389310445     
          41          43  0.860027015540853     
           9          44  0.939810430702042     
          27          44  0.921096202731894     
           9          45  0.941826036702864     
          45          46   1.63642264073924     
          44          48   1.19763400579192     
          47          48  0.981870043149906     
          44          49  0.151351417986250     
          48          49   1.65630992212700     
          47          50  0.966569832737468     
          47          51  0.979644753271830     
          47          52  0.981003326816576     
          28          53  0.912573427991779     
          45          53   1.25141988398504     
          46          53  0.170468670929197     
          53          54  0.953666476291806     
          54          55  0.985323615045859     
          54          56  0.986764842432127     
          54          57  0.981115916701022     
