   -0.27747639
    0.07635208
   -0.05905336
   -0.03815221
   -0.00476901
   -0.04378492
   -0.06316377
   -0.06966670
    0.02013564
    0.20868864
   -0.06409020
   -0.00027123
   -0.06126487
   -0.04643689
   -0.11009827
   -0.42655746
   -0.60730534
    0.21664251
    0.17027646
    0.04026212
    0.03140494
    0.02300338
    0.02444130
    0.06097218
    0.05856691
    0.06070312
    0.18280908
    0.20510442
    0.01088845
    0.03641461
    0.06441177
    0.05670600
    0.04709453
    0.03263461
    0.03314996
    0.03563577
    0.03323005
    0.06105279
    0.31798639
    0.27452581
   -0.59545419
    0.29962741
    0.30929078
   -0.18156728
    0.26367997
   -0.43393798
   -0.14124336
    0.27681924
   -0.46162894
    0.05178767
    0.06277387
    0.07396505
   -0.17710437
   -0.04259125
    0.05281009
    0.04924852
    0.08252186
