           1           2   1.15565370319608     
           2           3   1.33814471752966     
           3           4   1.47220844009219     
           4           5   1.39478454107259     
           3           6  0.101014352131540     
           5           6   1.40373026764570     
           2           7   1.35090440067821     
           4           7  0.101574919540193     
           6           7   1.45764961127109     
           5           8   1.00997550944183     
           8           9  0.980238943129200     
           1          10  0.107515452864235     
          10          11   1.09906527102780     
          11          12   1.80294778186684     
          12          13   1.04741477044968     
          13          14  0.978051944910706     
          14          15   1.01840574475990     
          10          16   1.70074135429952     
           1          18  0.889404717269355     
           1          19  0.950175153642463     
           3          20  0.967066164583281     
           4          21  0.968871192661274     
           6          22  0.967580612082737     
           7          23  0.968861950042634     
           8          24  0.969558722539747     
           8          25  0.966230355982279     
           9          26  0.952468754199530     
          10          29  0.939948099778429     
          11          30  0.965052067779029     
          12          31  0.960827098897818     
          13          32  0.950572208095430     
          13          33  0.971688059703536     
          14          34  0.979674142422667     
          14          35  0.978983659858240     
          15          36  0.985903815169790     
          15          37  0.987972531396983     
          15          38  0.981685686093750     
          17          39  0.852514056961920     
          17          40  0.922275306457856     
          41          42  0.894794298311529     
          41          43  0.880113932033381     
           9          44  0.973046971768852     
          27          44  0.931746140562414     
           9          45  0.913578118466095     
          45          46   1.68075622829710     
          44          48   1.27940464961036     
          47          48  0.983783135924448     
          44          49  0.192167979887857     
          48          49   1.63450140824235     
          47          50  0.974699712686130     
          47          51  0.965348192985354     
          47          52  0.981908598708134     
          28          53  0.906606209720804     
          45          53   1.29016679628882     
          46          53  0.211953321175187     
          53          54   1.00552596999478     
          54          55  0.977229694010593     
          54          56  0.976389106374659     
          54          57  0.976725314372796     
