   -0.24540107
    0.07956116
   -0.04152197
   -0.03479324
    0.00537161
   -0.04235320
   -0.06502892
   -0.06819871
    0.01854425
    0.07624900
   -0.06664894
   -0.01334176
   -0.06787984
   -0.04810410
   -0.10499875
   -0.60861876
   -0.58980198
    0.29681997
    0.29478449
    0.03717771
    0.03633846
    0.02779442
    0.05429222
    0.05634754
    0.06187511
    0.06988351
    0.18035469
    0.20128087
    0.03619178
    0.08366065
    0.03583255
    0.04887454
    0.07121835
    0.03536987
    0.02910007
    0.03499901
    0.03417939
    0.04344889
    0.29523264
    0.29736511
   -0.59719162
    0.29084310
    0.27274695
   -0.17814916
    0.26343093
   -0.43326621
   -0.15451962
    0.27894103
   -0.47706575
    0.07209597
    0.09884956
    0.04928437
   -0.17455916
   -0.04313721
    0.05302591
    0.05009829
    0.08311600
