           1           2   1.12419270648531     
           2           3   1.33996729952529     
           3           4   1.46809089289693     
           4           5   1.39566393866681     
           3           6  0.100345621543709     
           5           6   1.40388498032544     
           2           7   1.34256813114237     
           4           7  0.101508626229482     
           6           7   1.45195533786542     
           5           8   1.01141353721674     
           8           9  0.977841605816716     
           1          10   1.71812404245400     
          10          11   1.14493201935789     
           1          12  0.114764306791142     
          11          12   1.78115600506201     
          12          13   1.04502000388027     
          13          14  0.982251431837374     
          14          15   1.01867273724963     
          16          19  0.888472664934030     
           3          20  0.967837656159930     
           4          21  0.967592380514136     
           6          22  0.967420582584269     
           7          23  0.961968880869468     
           8          24  0.969939234439844     
           8          25  0.965638303233620     
           9          26  0.949989822770359     
          10          29  0.954454402239895     
          11          30  0.946505799041678     
          12          31  0.963979924357339     
          13          32  0.950632863331294     
          13          33  0.969611473916214     
          14          34  0.979475897913350     
          14          35  0.978910550971167     
          15          36  0.986278101297535     
          15          37  0.987851968124776     
          15          38  0.987043849230206     
          17          39  0.908334411565021     
          17          40  0.883307600769422     
          18          41  0.866561941118911     
          16          42  0.896677724287651     
          41          43  0.924664392766628     
           9          44  0.975609236386177     
          27          44  0.934591383465495     
           9          45  0.914637249634042     
          45          46   1.68200491612247     
          44          48   1.27702861647206     
          47          48  0.994212186841180     
          44          49  0.185121721946287     
          48          49   1.61749242232652     
          47          50  0.979758695373832     
          47          51  0.944229053188876     
          47          52  0.977544966183867     
          28          53  0.915135713589456     
          45          53   1.28608756655720     
          46          53  0.211354901001567     
          53          54   1.00542613597092     
          54          55  0.977143248149940     
          54          56  0.976363401222609     
          54          57  0.976647686816451     
