   -0.26583432
    0.07539714
   -0.05884218
   -0.03812970
   -0.00409642
   -0.04305689
   -0.06173991
   -0.06982463
    0.01977328
    0.20888974
   -0.06456878
   -0.00310467
   -0.06135003
   -0.04551338
   -0.11075576
   -0.43111961
   -0.60000773
    0.20135587
    0.19572208
    0.03293734
    0.03203773
    0.02661973
    0.03068373
    0.06160106
    0.05861691
    0.06219121
    0.18134047
    0.20387633
    0.01568960
    0.03680760
    0.06189610
    0.05335425
    0.04724693
    0.03019090
    0.03216996
    0.03519127
    0.03407122
    0.06238320
    0.29166578
    0.29927894
   -0.60795208
    0.27613801
    0.31978301
   -0.18086281
    0.26348549
   -0.43351934
   -0.14135389
    0.27701938
   -0.46200663
    0.05223136
    0.06315589
    0.07457716
   -0.17632210
   -0.04277868
    0.05288703
    0.04951556
    0.08295832
