           1           2   1.15013660093093     
           2           3   1.34042078352732     
           3           4   1.47218403251301     
           4           5   1.39453313914810     
           3           6  0.100958116693393     
           5           6   1.40554355913595     
           2           7   1.35202524915230     
           4           7  0.102527368652007     
           6           7   1.45743824812004     
           5           8   1.00944859831926     
           8           9  0.981523774677373     
           1          10  0.116567655292770     
          10          11   1.09221009616293     
          11          12   1.81151519826197     
          12          13   1.04515306920239     
          13          14  0.975605155961941     
          14          15   1.01818627588078     
          10          16   1.69481719303135     
           1          18  0.928304233911325     
           1          19  0.931426371928000     
           3          20  0.967768554268981     
           4          21  0.968854800934558     
           6          22  0.968363131572454     
           7          23  0.968714198322870     
           8          24  0.970086624096867     
           8          25  0.964511798105493     
           9          26  0.951976326594834     
          10          29  0.939462513779919     
          11          30  0.964261652445297     
          12          31  0.961743640736538     
          13          32  0.956503471128456     
          13          33  0.972132652941722     
          14          34  0.979606251598368     
          14          35  0.979127310064311     
          15          36  0.985747234188405     
          15          37  0.987940716083208     
          15          38  0.980731042929025     
          17          39  0.904524509641294     
          17          40  0.891926658747886     
          41          42  0.918949699706471     
          41          43  0.853912413759076     
           9          44  0.972997778773443     
          27          44  0.934313183137406     
           9          45  0.914011619266100     
          45          46   1.68112858088952     
          44          48   1.27766639252995     
          47          48  0.984423070900268     
          44          49  0.191763696923938     
          48          49   1.63600268589752     
          47          50  0.974427565477988     
          47          51  0.964749584698928     
          47          52  0.981400270501732     
          28          53  0.909156233306990     
          45          53   1.28921191874679     
          46          53  0.211877715575626     
          53          54   1.00542218936851     
          54          55  0.977187309319284     
          54          56  0.976390218649624     
          54          57  0.976626725534439     
