   -0.27594933
    0.07622593
   -0.05853653
   -0.03795540
   -0.00435247
   -0.04423208
   -0.06298772
   -0.07027234
    0.02014808
    0.20854186
   -0.06452713
   -0.00105031
   -0.06112607
   -0.04572114
   -0.11033444
   -0.42832312
   -0.60781916
    0.21667215
    0.17173853
    0.03949371
    0.03210206
    0.02407433
    0.02489983
    0.06290487
    0.05742585
    0.06078914
    0.18270385
    0.20496440
    0.01065668
    0.03732835
    0.06390754
    0.05529007
    0.04640974
    0.03100046
    0.03303645
    0.03565423
    0.03372780
    0.06171831
    0.31812560
    0.27450306
   -0.59552546
    0.29955437
    0.30928816
   -0.18115368
    0.26377302
   -0.43408915
   -0.14058253
    0.27677593
   -0.46313659
    0.04735169
    0.06673936
    0.07482208
   -0.17676221
   -0.04260746
    0.05285160
    0.04917268
    0.08267257
