           1           2   1.15354954399268     
           2           3   1.33922984822617     
           3           4   1.47164464079309     
           4           5   1.39534335714935     
           3           6  0.101109777777573     
           5           6   1.40304361700470     
           2           7   1.35128343100844     
           4           7  0.101666056190388     
           6           7   1.45774944887293     
           5           8   1.01001216071604     
           8           9  0.979973812889949     
           1          10  0.113594815491942     
          10          11   1.09663885832679     
          11          12   1.80606251762791     
          12          13   1.04644786628524     
          13          14  0.976305349582184     
          14          15   1.01825359244607     
          10          16   1.69781309417312     
           1          18  0.889524937013507     
           1          19  0.949602742175530     
           3          20  0.967247949359637     
           4          21  0.969001082928421     
           6          22  0.967610669773130     
           7          23  0.968793230516754     
           8          24  0.969269035076328     
           8          25  0.966450149316730     
           9          26  0.952802834393567     
          10          29  0.939926191981718     
          11          30  0.964993259269409     
          12          31  0.961168488314500     
          13          32  0.953930920171959     
          13          33  0.971762247295336     
          14          34  0.979711638255808     
          14          35  0.979054972037978     
          15          36  0.985764671639518     
          15          37  0.987954216087854     
          15          38  0.981195724435079     
          17          39  0.851760339964638     
          17          40  0.922353013621987     
          41          42  0.895129537023678     
          41          43  0.880018638432755     
           9          44  0.972913492582759     
          27          44  0.930875328308811     
           9          45  0.913742317947106     
          45          46   1.68040807214354     
          44          48   1.28005162273663     
          47          48  0.984863635703555     
          44          49  0.192000851546706     
          48          49   1.63243562333873     
          47          50  0.979655772000306     
          47          51  0.962251157859813     
          47          52  0.978161771742097     
          28          53  0.907066128783529     
          45          53   1.29039441690805     
          46          53  0.211777608817966     
          53          54   1.00550186651300     
          54          55  0.977257476941195     
          54          56  0.976375219288859     
          54          57  0.976668952855252     
